0 1
1 1
2 2
3 3
4 3
5 4
6 4
7 5
8 5
9 6
10 6
11 7
12 7
13 7
14 7
15 7
16 7
17 7
18 8
19 9
20 9
21 9
22 9
23 9
24 9
25 10
26 10
27 10
28 11
29 12
30 12
31 12
32 12
33 12
34 12
35 12
36 12
37 12
38 12
39 12
40 12
41 12
42 12
43 13
44 13
45 13
46 14
47 14
48 15
49 15
50 16
51 16
52 16
53 16
54 16
55 17
56 18
57 18
58 18
59 19
60 19
61 19
62 20
63 21
64 22
65 22
66 22
67 22
68 22
69 22
70 22
71 22
72 22
73 23
74 24
75 24
76 25
77 25
78 26
79 26
80 26
81 26
82 26
83 27
84 27
85 28
86 28
87 28
88 28
89 28
90 28
91 28
92 28
93 28
94 29
95 30
96 30
97 30
98 31
99 31
100 31
101 32
102 32
103 32
104 32
105 33
106 33
107 33
108 33
109 34
110 35
111 36
112 37
113 37
114 37
115 37
116 38
117 39
118 39
119 39
120 39
121 39
122 40
123 41
124 41
125 41
126 41
127 42
128 42
129 42
130 42
131 42
132 43
133 43
134 43
135 43
136 43
137 43
138 43
139 43
140 44
141 44
142 45
143 45
144 45
145 45
146 45
147 45
148 46
149 46
150 47
151 47
152 48
153 48
154 48
155 48
156 48
157 48
158 49
159 50
160 51
161 51
162 51
163 51
164 52
165 52
166 52
167 52
168 52
169 52
170 52
171 52
172 52
173 52
174 53
175 53
176 53
177 53
178 53
179 54
180 54
181 54
182 55
183 55
184 55
185 55
186 55
187 55
188 56
189 56
190 56
191 56
192 56
193 57
194 58
195 59
196 59
197 60
198 61
199 61
200 61
201 61
202 61
203 61
204 62
205 63
206 64
207 65
208 65
209 65
210 65
211 65
212 66
213 66
214 67
215 68
216 69
217 69
218 69
219 69
220 69
221 69
222 70
223 70
224 70
225 70
226 71
227 71
228 72
229 73
230 74
231 74
232 75
233 75
234 76
235 77
236 77
237 78
238 79
239 79
240 79
241 79
242 80
243 81
244 81
245 81
246 81
247 82
248 82
249 82
250 82
251 83
252 83
253 83
254 83
255 83
256 83
257 83
258 83
259 83
260 83
261 83
262 84
263 84
264 84
265 84
266 84
267 85
268 85
269 85
270 85
271 85
272 86
273 86
274 86
275 87
276 87
277 88
278 88
279 88
280 89
281 89
282 89
283 90
284 90
285 91
286 91
287 91
288 91
289 91
290 91
291 91
292 92
293 92
294 92
295 92
296 93
297 94
298 94
299 94
300 95
301 96
302 96
303 96
304 97
305 97
306 97
307 97
308 97
309 97
310 98
311 98
312 98
313 98
314 98
315 98
316 99
317 99
318 99
319 100
320 101
321 102
322 102
323 102
324 102
325 102
326 103
327 103
328 103
329 103
330 104
331 104
332 104
333 104
334 104
335 104
336 104
337 104
338 104
339 105
340 105
341 106
342 106
343 106
344 106
345 106
346 106
347 107
348 107
349 107
350 107
351 107
352 107
353 108
354 108
355 109
356 109
357 109
358 110
359 110
360 110
361 111
362 111
363 111
364 111
365 111
366 111
367 111
368 111
369 111
370 112
371 112
372 112
373 112
374 112
375 112
376 112
377 112
378 112
379 112
380 112
381 112
382 113
383 114
384 114
385 114
386 114
387 114
388 114
389 114
390 114
391 114
392 115
393 115
394 115
395 115
396 115
397 116
398 116
399 116
400 116
401 116
402 117
403 117
404 117
405 117
406 117
407 117
408 117
409 117
410 117
411 117
412 118
413 119
414 119
415 119
416 119
417 119
418 119
419 119
420 119
421 120
422 120
423 121
424 121
425 121
426 121
427 121
428 122
429 122
430 122
431 122
432 122
433 123
434 124
435 124
436 125
437 126
438 126
439 126
440 126
441 126
442 126
443 127
444 128
445 128
446 128
447 128
448 128
449 128
450 129
451 129
452 129
453 129
454 129
455 129
456 129
457 129
458 129
459 130
460 130
461 130
462 130
463 130
464 130
465 130
466 130
467 130
468 130
469 130
470 130
471 130
472 130
473 130
474 131
475 131
476 131
477 131
478 132
479 132
480 133
481 133
482 133
483 133
484 134
485 134
486 134
487 134
488 134
489 134
490 134
491 134
492 134
493 134
494 135
495 135
496 135
497 135
498 135
499 135
500 135
501 135
502 135
503 136
504 137
505 137
506 137
507 137
508 137
509 137
510 137
511 137
512 137
513 137
514 137
515 137
516 138
517 138
518 138
519 138
520 138
521 138
522 139
523 139
524 139
525 139
526 140
527 140
528 141
529 141
530 141
531 141
532 141
533 141
534 141
535 142
536 142
537 142
538 142
539 143
540 143
541 144
542 144
543 144
544 144
545 144
546 144
547 144
548 145
549 145
550 146
551 146
552 146
553 146
554 146
555 146
556 146
557 146
558 146
559 146
560 146
561 146
562 147
563 147
564 147
565 147
566 148
567 148
568 148
569 149
570 149
571 149
572 149
573 149
574 149
575 149
576 149
577 150
578 151
579 151
580 152
581 152
582 152
583 152
584 153
585 153
586 153
587 153
588 153
589 153
590 153
591 154
592 154
593 155
594 155
595 155
596 156
597 156
598 157
599 157
600 157
601 157
602 157
603 157
604 157
605 157
606 157
607 157
608 158
609 158
610 158
611 158
612 158
613 158
614 159
615 159
616 159
617 159
618 159
619 160
620 160
621 160
622 160
623 160
624 160
625 160
626 160
627 161
628 161
629 161
630 161
631 161
632 161
633 161
634 162
635 162
636 162
637 162
638 163
639 163
640 163
641 163
642 163
643 164
644 165
645 165
646 165
647 165
648 165
649 165
650 165
651 165
652 165
653 165
654 166
655 166
656 166
657 166
658 166
659 166
660 166
661 166
662 166
663 166
664 166
665 166
666 166
667 166
668 166
669 166
670 166
671 166
672 166
673 167
674 167
675 167
676 167
677 167
678 167
679 167
680 167
681 167
682 167
683 167
684 168
685 168
686 168
687 168
688 168
689 168
690 168
691 168
692 168
693 168
694 169
695 169
696 170
697 170
698 171
699 171
700 171
701 171
702 171
703 171
704 171
705 171
706 171
707 171
708 172
709 172
710 172
711 172
712 172
713 172
714 172
715 172
716 172
717 172
718 172
719 172
720 173
721 174
722 174
723 174
724 174
725 174
726 174
727 174
728 174
729 174
730 174
731 174
732 175
733 175
734 175
735 175
736 175
737 175
738 175
739 175
740 175
741 175
742 175
743 175
744 175
745 175
746 175
747 175
748 176
749 176
750 176
751 176
752 176
753 176
754 176
755 176
756 176
757 176
758 176
759 176
760 176
761 176
762 176
763 176
764 176
765 176
766 176
767 177
768 177
769 177
770 177
771 177
772 177
773 177
774 177
775 177
776 177
777 177
778 177
779 178
780 178
781 178
782 178
783 178
784 178
785 178
786 178
787 179
788 179
789 180
790 181
791 181
792 181
793 181
794 182
795 182
796 182
797 182
798 182
799 182
800 183
801 183
802 183
803 183
804 183
805 183
806 183
807 183
808 183
809 183
810 183
811 183
812 183
813 184
814 185
815 185
816 185
817 185
818 185
819 185
820 185
821 185
822 185
823 185
824 185
825 185
826 185
827 186
828 186
829 186
830 186
831 186
832 186
833 186
834 186
835 186
836 186
837 186
838 186
839 187
840 188
841 188
842 188
843 188
844 188
845 188
846 188
847 188
848 188
849 188
850 188
851 188
852 188
853 188
854 189
855 189
856 190
857 190
858 190
859 190
860 191
861 191
862 191
863 192
864 192
865 192
866 192
867 192
868 192
869 192
870 192
871 192
872 192
873 192
874 192
875 192
876 192
877 192
878 192
879 192
880 192
881 192
882 192
883 192
884 192
885 193
886 193
887 193
888 193
889 193
890 193
891 193
892 193
893 194
894 194
895 194
896 194
897 194
898 194
899 195
900 195
901 195
902 195
903 195
904 196
905 196
906 196
907 196
908 197
909 197
910 197
911 197
912 197
913 197
914 197
915 197
916 197
917 197
918 197
919 197
920 197
921 197
922 198
923 198
924 198
925 198
926 198
927 198
928 198
929 199
930 199
931 199
932 199
933 200
934 200
935 200
936 200
937 201
938 201
939 201
940 201
941 202
942 203
943 203
944 203
945 203
946 203
947 204
948 204
949 204
950 204
951 204
952 204
953 204
954 204
955 204
956 204
957 204
958 204
959 204
960 204
961 204
962 204
963 204
964 204
965 205
966 205
967 205
968 205
969 205
970 205
971 205
972 205
973 205
974 206
975 206
976 206
977 206
978 206
979 206
980 206
981 206
982 206
983 206
984 206
985 206
986 206
987 206
988 206
989 207
990 208
991 209
992 209
993 210
994 210
995 210
996 210
997 210
998 210
999 210
1000 210
1001 210
1002 210
1003 210
1004 210
1005 210
1006 210
1007 210
1008 210
1009 210
1010 210
1011 210
1012 210
1013 210
1014 210
1015 210
1016 210
1017 210
1018 210
1019 210
1020 210
1021 210
1022 210
1023 211
1024 212
1025 212
1026 213
1027 213
1028 213
1029 213
1030 214
1031 214
1032 214
1033 214
1034 215
1035 215
1036 215
1037 215
1038 216
1039 216
1040 217
1041 217
1042 217
1043 217
1044 217
1045 217
1046 217
1047 217
1048 218
1049 218
1050 218
1051 218
1052 218
1053 218
1054 218
1055 218
1056 218
1057 218
1058 218
1059 218
1060 218
1061 218
1062 218
1063 219
1064 220
1065 220
1066 220
1067 220
1068 220
1069 220
1070 220
1071 221
1072 221
1073 221
1074 221
1075 221
1076 221
1077 221
1078 222
1079 222
1080 222
1081 222
1082 222
1083 222
1084 223
1085 223
1086 223
1087 223
1088 223
1089 223
1090 223
1091 224
1092 225
1093 225
1094 225
1095 225
1096 225
1097 225
1098 225
1099 226
1100 226
1101 226
1102 226
1103 226
1104 227
1105 227
1106 228
1107 229
1108 229
1109 229
1110 230
1111 230
1112 230
1113 230
1114 230
1115 230
1116 230
1117 230
1118 230
1119 230
1120 230
1121 230
1122 230
1123 230
1124 230
1125 230
1126 230
1127 231
1128 232
1129 232
1130 232
1131 232
1132 232
1133 232
1134 232
1135 232
1136 232
1137 232
1138 232
1139 232
1140 232
1141 233
1142 233
1143 234
1144 235
1145 235
1146 235
1147 235
1148 235
1149 235
1150 235
1151 235
1152 235
1153 235
1154 235
1155 235
1156 235
1157 235
1158 235
1159 235
1160 235
1161 235
1162 235
1163 235
1164 235
1165 235
1166 235
1167 235
1168 235
1169 235
1170 235
1171 235
1172 236
1173 236
1174 236
1175 236
1176 236
1177 236
1178 236
1179 237
1180 237
1181 237
1182 237
1183 237
1184 238
1185 238
1186 238
1187 238
1188 238
1189 238
1190 238
1191 238
1192 238
1193 238
1194 238
1195 238
1196 238
1197 238
1198 238
1199 238
1200 238
1201 238
1202 238
1203 238
1204 238
1205 238
1206 238
1207 238
1208 238
1209 238
1210 238
1211 238
1212 238
1213 238
1214 239
1215 239
1216 239
1217 240
1218 240
1219 240
1220 240
1221 240
1222 240
1223 240
1224 240
1225 240
1226 241
1227 241
1228 241
1229 241
1230 241
1231 242
1232 242
1233 242
1234 242
1235 242
1236 242
1237 242
1238 242
1239 242
1240 242
1241 242
1242 242
1243 242
1244 242
1245 242
1246 242
1247 242
1248 243
1249 243
1250 243
1251 243
1252 244
1253 244
1254 244
1255 244
1256 244
1257 244
1258 244
1259 244
1260 244
1261 244
1262 244
1263 244
1264 244
1265 244
1266 244
1267 244
1268 244
1269 244
1270 244
1271 244
1272 244
1273 244
1274 245
1275 245
1276 245
1277 245
1278 245
1279 245
1280 245
1281 245
1282 245
1283 246
1284 246
1285 246
1286 246
1287 246
1288 246
1289 246
1290 246
1291 246
1292 246
1293 246
1294 246
1295 246
1296 246
1297 246
1298 246
1299 246
1300 246
1301 246
1302 246
1303 246
1304 246
1305 246
1306 246
1307 246
1308 246
1309 246
1310 246
1311 246
1312 246
1313 246
1314 246
1315 246
1316 246
1317 246
1318 246
1319 246
1320 246
1321 246
1322 246
1323 246
1324 246
1325 246
1326 246
1327 246
1328 247
1329 247
1330 247
1331 247
1332 247
1333 247
1334 248
1335 249
1336 249
1337 249
1338 249
1339 249
1340 249
1341 249
1342 249
1343 249
1344 249
1345 249
1346 249
1347 249
1348 249
1349 249
1350 249
1351 249
1352 249
1353 249
1354 249
1355 249
1356 249
1357 249
1358 249
1359 250
1360 250
1361 250
1362 250
1363 250
1364 250
1365 250
1366 250
1367 250
1368 251
1369 251
1370 251
1371 251
1372 251
1373 251
1374 251
1375 251
1376 251
1377 252
1378 252
1379 252
1380 253
1381 253
1382 253
1383 253
1384 254
1385 254
1386 254
1387 254
1388 254
1389 254
1390 254
1391 254
1392 254
1393 254
1394 254
1395 255
1396 255
1397 255
1398 255
1399 255
1400 255
1401 256
1402 256
1403 256
1404 256
1405 256
1406 256
1407 256
1408 256
1409 257
1410 257
1411 257
1412 257
1413 257
1414 257
1415 258
1416 258
1417 258
1418 258
1419 258
1420 258
1421 258
1422 258
1423 258
1424 258
1425 258
1426 258
1427 258
1428 259
1429 259
1430 259
1431 259
1432 259
1433 259
1434 259
1435 259
1436 259
1437 259
1438 259
1439 259
1440 259
1441 259
1442 259
1443 259
1444 259
1445 259
1446 259
1447 259
1448 259
1449 259
1450 259
1451 259
1452 259
1453 259
1454 259
1455 260
1456 260
1457 260
1458 260
1459 260
1460 260
1461 260
1462 260
1463 260
1464 260
1465 260
1466 261
1467 261
1468 261
1469 261
1470 261
1471 261
1472 261
1473 261
1474 261
1475 261
1476 261
1477 261
1478 261
1479 261
1480 261
1481 261
1482 261
1483 261
1484 261
1485 261
1486 261
1487 261
1488 261
1489 262
1490 263
1491 263
1492 263
1493 263
1494 264
1495 264
1496 264
1497 264
1498 264
1499 264
1500 265
1501 265
1502 265
1503 265
1504 265
1505 265
1506 265
1507 265
1508 265
1509 265
1510 265
1511 265
1512 265
1513 265
1514 265
1515 265
1516 265
1517 265
1518 265
1519 266
1520 266
1521 266
1522 266
1523 266
1524 266
1525 266
1526 266
1527 267
1528 267
1529 267
1530 267
1531 267
1532 267
1533 267
1534 267
1535 267
1536 267
1537 267
1538 267
1539 267
1540 267
1541 267
1542 267
1543 267
1544 267
1545 267
1546 267
1547 267
1548 267
1549 267
1550 267
1551 267
1552 267
1553 267
1554 267
1555 267
1556 268
1557 269
1558 269
1559 269
1560 269
1561 269
1562 269
1563 269
1564 269
1565 269
1566 269
1567 269
1568 269
1569 269
1570 269
1571 270
1572 270
1573 271
1574 271
1575 271
1576 271
1577 271
1578 271
1579 271
1580 271
1581 271
1582 271
1583 271
1584 271
1585 271
1586 271
1587 271
1588 271
1589 271
1590 272
1591 272
1592 272
1593 273
1594 273
1595 273
1596 273
1597 273
1598 273
1599 273
1600 273
1601 273
1602 273
1603 273
1604 273
1605 274
1606 274
1607 274
1608 274
1609 274
1610 274
1611 274
1612 274
1613 274
1614 274
1615 274
1616 274
1617 274
1618 274
1619 275
1620 275
1621 275
1622 275
1623 275
1624 275
1625 275
1626 275
1627 275
1628 275
1629 275
1630 275
1631 275
1632 275
1633 275
1634 275
1635 275
1636 275
1637 275
1638 276
1639 276
1640 276
1641 276
1642 276
1643 276
1644 276
1645 276
1646 276
1647 276
1648 276
1649 276
1650 277
1651 277
1652 278
1653 278
1654 278
1655 279
1656 279
1657 279
1658 279
1659 279
1660 279
1661 279
1662 280
1663 280
1664 280
1665 280
1666 280
1667 280
1668 280
1669 280
1670 280
1671 280
1672 280
1673 281
1674 281
1675 281
1676 282
1677 282
1678 282
1679 282
1680 282
1681 282
1682 282
1683 282
1684 282
1685 282
1686 283
1687 283
1688 283
1689 283
1690 283
1691 283
1692 283
1693 283
1694 284
1695 284
1696 284
1697 284
1698 284
1699 284
1700 285
1701 285
1702 285
1703 285
1704 285
1705 285
1706 285
1707 285
1708 285
1709 285
1710 285
1711 285
1712 285
1713 285
1714 285
1715 285
1716 285
1717 285
1718 285
1719 285
1720 285
1721 285
1722 285
1723 285
1724 285
1725 286
1726 286
1727 286
1728 287
1729 287
1730 287
1731 287
1732 288
1733 288
1734 288
1735 289
1736 289
1737 290
1738 290
1739 290
1740 290
1741 290
1742 290
1743 290
1744 290
1745 290
1746 290
1747 290
1748 290
1749 290
1750 290
1751 290
1752 290
1753 290
1754 290
1755 290
1756 291
1757 291
1758 292
1759 293
1760 293
1761 293
1762 293
1763 293
1764 293
1765 293
1766 293
1767 293
1768 293
1769 294
1770 294
1771 294
1772 294
1773 294
1774 294
1775 294
1776 294
1777 294
1778 294
1779 295
1780 295
1781 296
1782 296
1783 296
1784 296
1785 296
1786 296
1787 296
1788 296
1789 296
1790 296
1791 296
1792 296
1793 296
1794 296
1795 296
1796 296
1797 296
1798 296
1799 296
1800 297
1801 297
1802 298
1803 298
1804 298
1805 298
1806 298
1807 298
1808 298
1809 298
1810 299
1811 299
1812 299
1813 299
1814 299
1815 299
1816 299
1817 299
1818 299
1819 299
1820 299
1821 299
1822 299
1823 299
1824 299
1825 299
1826 299
1827 299
1828 299
1829 299
1830 300
1831 300
1832 300
1833 300
1834 300
1835 300
1836 300
1837 300
1838 300
1839 300
1840 300
1841 300
1842 300
1843 300
1844 300
1845 300
1846 300
1847 301
1848 301
1849 301
1850 301
1851 301
1852 302
1853 302
1854 302
1855 302
1856 302
1857 302
1858 302
1859 302
1860 302
1861 302
1862 302
1863 302
1864 302
1865 302
1866 302
1867 302
1868 302
1869 302
1870 302
1871 303
1872 303
1873 303
1874 303
1875 303
1876 303
1877 303
1878 303
1879 303
1880 303
1881 303
1882 303
1883 303
1884 303
1885 303
1886 303
1887 304
1888 304
1889 304
1890 304
1891 304
1892 304
1893 304
1894 304
1895 304
1896 304
1897 304
1898 304
1899 304
1900 304
1901 305
1902 305
1903 305
1904 305
1905 305
1906 306
1907 306
1908 306
1909 306
1910 306
1911 306
1912 306
1913 307
1914 308
1915 308
1916 308
1917 308
1918 308
1919 308
1920 308
1921 308
1922 308
1923 309
1924 309
1925 309
1926 309
1927 309
1928 309
1929 309
1930 309
1931 309
1932 309
1933 309
1934 309
1935 309
1936 309
1937 309
1938 309
1939 309
1940 309
1941 309
1942 309
1943 309
1944 309
1945 309
1946 309
1947 309
1948 309
1949 310
1950 310
1951 310
1952 310
1953 310
1954 310
1955 310
1956 310
1957 310
1958 310
1959 310
1960 310
1961 310
1962 310
1963 311
1964 311
1965 311
1966 311
1967 311
1968 311
1969 311
1970 311
1971 311
1972 311
1973 311
1974 311
1975 311
1976 311
1977 311
1978 311
1979 311
1980 311
1981 311
1982 311
1983 311
1984 311
1985 311
1986 311
1987 311
1988 311
1989 311
1990 311
1991 311
1992 311
1993 311
1994 311
1995 311
1996 311
1997 311
1998 311
1999 311
2000 311
2001 312
2002 312
2003 312
2004 312
2005 312
2006 312
2007 312
2008 312
2009 312
2010 312
2011 312
2012 312
2013 312
2014 312
2015 312
2016 313
2017 313
2018 313
2019 313
2020 313
2021 313
2022 313
2023 313
2024 313
2025 313
2026 313
2027 313
2028 313
2029 313
2030 313
2031 313
2032 313
2033 314
2034 314
2035 314
2036 314
2037 314
2038 314
2039 314
2040 314
2041 314
2042 314
2043 315
2044 316
2045 316
2046 316
2047 316
2048 316
2049 316
2050 316
2051 316
2052 316
2053 316
2054 316
2055 316
2056 316
2057 316
2058 316
2059 316
2060 316
2061 316
2062 316
2063 316
2064 316
2065 316
2066 316
2067 316
2068 316
2069 316
2070 316
2071 316
2072 316
2073 316
2074 316
2075 316
2076 316
2077 316
2078 316
2079 316
2080 316
2081 316
2082 316
2083 316
2084 316
2085 316
2086 316
2087 316
2088 316
2089 317
2090 317
2091 317
2092 317
2093 317
2094 317
2095 317
2096 317
2097 317
2098 317
2099 317
2100 317
2101 317
2102 317
2103 317
2104 317
2105 317
2106 317
2107 317
2108 317
2109 317
2110 317
2111 317
2112 318
2113 318
2114 318
2115 318
2116 318
2117 318
2118 318
2119 318
2120 318
2121 318
2122 318
2123 318
2124 318
2125 318
2126 318
2127 318
2128 318
2129 318
2130 318
2131 318
2132 318
2133 318
2134 318
2135 318
2136 318
2137 318
2138 318
2139 318
2140 318
2141 318
2142 318
2143 318
2144 318
2145 318
2146 318
2147 318
2148 318
2149 318
2150 318
2151 318
2152 318
2153 318
2154 318
2155 318
2156 318
2157 318
2158 318
2159 318
2160 318
2161 318
2162 318
2163 318
2164 319
2165 319
2166 320
2167 320
2168 320
2169 320
2170 320
2171 320
2172 320
2173 320
2174 320
2175 320
2176 320
2177 320
2178 320
2179 320
2180 320
2181 320
2182 320
2183 320
2184 320
2185 320
2186 321
2187 321
2188 321
2189 321
2190 321
2191 322
2192 322
2193 322
2194 322
2195 322
2196 322
2197 322
2198 322
2199 322
2200 322
2201 322
2202 322
2203 322
2204 322
2205 322
2206 322
2207 322
2208 322
2209 322
2210 322
2211 322
2212 322
2213 323
2214 323
2215 323
2216 323
2217 323
2218 323
2219 323
2220 323
2221 324
2222 324
2223 324
2224 324
2225 325
2226 325
2227 325
2228 325
2229 325
2230 325
2231 325
2232 326
2233 326
2234 326
2235 326
2236 326
2237 326
2238 327
2239 327
2240 327
2241 327
2242 327
2243 328
2244 328
2245 328
2246 329
2247 329
2248 329
2249 329
2250 329
2251 329
2252 329
2253 329
2254 329
2255 329
2256 329
2257 329
2258 329
2259 329
2260 329
2261 329
2262 329
2263 329
2264 329
2265 329
2266 329
2267 329
2268 329
2269 329
2270 329
2271 329
2272 329
2273 329
2274 329
2275 329
2276 329
2277 329
2278 330
2279 330
2280 330
2281 331
2282 331
2283 331
2284 331
2285 331
2286 331
2287 331
2288 331
2289 331
2290 331
2291 332
2292 332
2293 332
2294 332
2295 332
2296 332
2297 332
2298 332
2299 332
2300 332
2301 333
2302 333
2303 333
2304 333
2305 333
2306 333
2307 333
2308 333
2309 333
2310 333
2311 333
2312 333
2313 333
2314 333
2315 334
2316 334
2317 334
2318 334
2319 334
2320 334
2321 334
2322 334
2323 334
2324 334
2325 334
2326 334
2327 334
2328 334
2329 334
2330 334
2331 335
2332 335
2333 335
2334 335
2335 335
2336 335
2337 335
2338 335
2339 335
2340 335
2341 335
2342 335
2343 335
2344 335
2345 335
2346 335
2347 335
2348 335
2349 335
2350 335
2351 335
2352 335
2353 335
2354 335
2355 336
2356 336
2357 336
2358 336
2359 336
2360 336
2361 336
2362 336
2363 336
2364 336
2365 336
2366 337
2367 337
2368 337
2369 338
2370 338
2371 338
2372 338
2373 338
2374 338
2375 338
2376 338
2377 338
2378 338
2379 338
2380 338
2381 338
2382 338
2383 338
2384 338
2385 338
2386 338
2387 338
2388 338
2389 338
2390 338
2391 338
2392 338
2393 338
2394 338
2395 338
2396 338
2397 338
2398 338
2399 338
2400 338
2401 338
2402 338
2403 338
2404 338
2405 338
2406 338
2407 338
2408 338
2409 338
2410 338
2411 339
2412 339
2413 339
2414 339
2415 339
2416 339
2417 339
2418 339
2419 339
2420 339
2421 339
2422 339
2423 339
2424 339
2425 340
2426 340
2427 340
2428 340
2429 340
2430 340
2431 340
2432 340
2433 340
2434 340
2435 340
2436 340
2437 340
2438 340
2439 340
2440 340
2441 340
2442 340
2443 340
2444 340
2445 340
2446 340
2447 340
2448 340
2449 340
2450 340
2451 340
2452 340
2453 340
2454 340
2455 340
2456 340
2457 340
2458 340
2459 340
2460 340
2461 340
2462 340
2463 341
2464 341
2465 341
2466 341
2467 341
2468 341
2469 341
2470 341
2471 341
2472 341
2473 341
2474 341
2475 342
2476 342
2477 342
2478 342
2479 342
2480 342
2481 342
2482 342
2483 342
2484 342
2485 342
2486 342
2487 342
2488 342
2489 342
2490 342
2491 342
2492 342
2493 342
2494 342
2495 342
2496 342
2497 342
2498 342
2499 342
2500 342
2501 342
2502 342
2503 342
2504 342
2505 342
2506 342
2507 342
2508 342
2509 342
2510 342
2511 342
2512 342
2513 342
2514 342
2515 342
2516 342
2517 342
2518 342
2519 342
2520 342
2521 342
2522 342
2523 343
2524 343
2525 343
2526 344
2527 344
2528 344
2529 344
2530 344
2531 344
2532 344
2533 344
2534 344
2535 344
2536 344
2537 344
2538 344
2539 344
2540 344
2541 344
2542 344
2543 344
2544 344
2545 344
2546 345
2547 345
2548 345
2549 345
2550 345
2551 345
2552 345
2553 346
2554 346
2555 346
2556 346
2557 346
2558 346
2559 346
2560 346
2561 346
2562 346
2563 346
2564 346
2565 346
2566 346
2567 346
2568 346
2569 346
2570 346
2571 346
2572 347
2573 347
2574 347
2575 347
2576 347
2577 347
2578 347
2579 347
2580 347
2581 347
2582 347
2583 347
2584 347
2585 347
2586 347
2587 347
2588 347
2589 347
2590 347
2591 347
2592 347
2593 347
2594 347
2595 347
2596 347
2597 347
2598 347
2599 347
2600 347
2601 347
2602 347
2603 347
2604 347
2605 347
2606 347
2607 347
2608 347
2609 347
2610 347
2611 347
2612 347
2613 347
2614 347
2615 347
2616 347
2617 347
2618 347
2619 347
2620 347
2621 347
2622 347
2623 347
2624 347
2625 348
2626 348
2627 348
2628 348
2629 348
2630 348
2631 348
2632 348
2633 348
2634 348
2635 349
2636 349
2637 349
2638 349
2639 349
2640 349
2641 349
2642 349
2643 349
2644 349
2645 349
2646 349
2647 349
2648 349
2649 349
2650 349
2651 349
2652 349
2653 349
2654 349
2655 349
2656 349
2657 349
2658 349
2659 349
2660 349
2661 349
2662 349
2663 349
2664 349
2665 349
2666 349
2667 349
2668 349
2669 349
2670 349
2671 349
2672 349
2673 349
2674 349
2675 349
2676 349
2677 349
2678 349
2679 350
2680 350
2681 350
2682 350
2683 350
2684 350
2685 350
2686 351
2687 352
2688 352
2689 353
2690 353
2691 353
2692 353
2693 353
2694 353
2695 353
2696 353
2697 353
2698 353
2699 353
2700 353
2701 353
2702 353
2703 353
2704 353
2705 353
2706 354
2707 354
2708 354
2709 354
2710 354
2711 354
2712 354
2713 354
2714 354
2715 355
2716 355
2717 355
2718 355
2719 355
2720 355
2721 355
2722 355
2723 355
2724 355
2725 355
2726 355
2727 355
2728 355
2729 355
2730 355
2731 355
2732 355
2733 355
2734 355
2735 355
2736 355
2737 355
2738 355
2739 355
2740 355
2741 355
2742 355
2743 355
2744 355
2745 355
2746 355
2747 355
2748 355
2749 355
2750 355
2751 355
2752 355
2753 355
2754 355
2755 355
2756 355
2757 355
2758 355
2759 355
2760 355
2761 355
2762 355
2763 355
2764 355
2765 355
2766 355
2767 355
2768 355
2769 355
2770 355
2771 355
2772 355
2773 355
2774 355
2775 355
2776 355
2777 355
2778 355
2779 355
2780 355
2781 355
2782 355
2783 355
2784 355
2785 355
2786 355
2787 355
2788 355
2789 355
2790 355
2791 355
2792 355
2793 355
2794 355
2795 355
2796 355
2797 355
2798 355
2799 355
2800 355
2801 355
2802 355
2803 355
2804 355
2805 355
2806 355
2807 355
2808 355
2809 355
2810 355
2811 355
2812 355
2813 355
2814 355
2815 355
2816 355
2817 355
2818 355
2819 355
2820 355
2821 355
2822 355
2823 355
2824 355
2825 355
2826 355
2827 355
2828 355
2829 355
2830 355
2831 355
2832 355
2833 355
2834 355
2835 355
2836 355
2837 355
2838 355
2839 355
2840 355
2841 355
2842 355
2843 355
2844 355
2845 355
2846 355
2847 355
2848 355
2849 355
2850 355
2851 355
2852 356
2853 356
2854 356
2855 356
2856 356
2857 356
2858 356
2859 356
2860 356
2861 356
2862 356
2863 356
2864 356
2865 356
2866 356
2867 356
2868 356
2869 356
2870 356
2871 356
2872 356
2873 356
2874 356
2875 356
2876 356
2877 356
2878 357
2879 357
2880 357
2881 357
2882 357
2883 357
2884 357
2885 357
2886 357
2887 357
2888 357
2889 357
2890 357
2891 357
2892 357
2893 357
2894 357
2895 357
2896 357
2897 357
2898 357
2899 357
2900 357
2901 357
2902 357
2903 357
2904 357
2905 357
2906 357
2907 358
2908 358
2909 358
2910 358
2911 358
2912 358
2913 358
2914 358
2915 358
2916 358
2917 358
2918 358
2919 358
2920 358
2921 358
2922 359
2923 359
2924 360
2925 360
2926 360
2927 360
2928 361
2929 362
2930 363
2931 363
2932 363
2933 363
2934 363
2935 363
2936 363
2937 363
2938 363
2939 363
2940 363
2941 363
2942 363
2943 363
2944 363
2945 363
2946 363
2947 363
2948 363
2949 363
2950 363
2951 363
2952 363
2953 363
2954 363
2955 363
2956 363
2957 363
2958 363
2959 363
2960 363
2961 363
2962 363
2963 363
2964 363
2965 363
2966 363
2967 363
2968 363
2969 363
2970 363
2971 363
2972 363
2973 363
2974 363
2975 363
2976 364
2977 364
2978 364
2979 364
2980 364
2981 364
2982 364
2983 364
2984 364
2985 364
2986 364
2987 364
2988 364
2989 364
2990 364
2991 364
2992 364
2993 364
2994 364
2995 364
2996 364
2997 364
2998 364
2999 364
3000 364
3001 364
3002 364
3003 364
3004 364
3005 364
3006 364
3007 364
3008 364
3009 364
3010 364
3011 364
3012 364
3013 364
3014 364
3015 364
3016 364
3017 364
3018 364
3019 364
3020 364
3021 364
3022 364
3023 364
3024 364
3025 364
3026 364
3027 364
3028 364
3029 364
3030 364
3031 364
3032 364
3033 364
3034 364
3035 364
3036 364
3037 364
3038 364
3039 364
3040 364
3041 364
3042 364
3043 364
3044 364
3045 364
3046 364
3047 364
3048 364
3049 364
3050 364
3051 364
3052 365
3053 365
3054 365
3055 365
3056 365
3057 365
3058 365
3059 365
3060 365
3061 365
3062 365
3063 365
3064 365
3065 365
3066 365
3067 365
3068 365
3069 366
3070 366
3071 366
3072 366
3073 366
3074 366
3075 366
3076 366
3077 366
3078 366
3079 366
3080 366
3081 366
3082 366
3083 366
3084 366
3085 366
3086 366
3087 366
3088 366
3089 366
3090 366
3091 366
3092 366
3093 366
3094 366
3095 366
3096 366
3097 366
3098 366
3099 366
3100 366
3101 366
3102 366
3103 366
3104 366
3105 366
3106 366
3107 366
3108 366
3109 366
3110 366
3111 366
3112 366
3113 366
3114 366
3115 366
3116 367
3117 367
3118 367
3119 367
3120 367
3121 367
3122 367
3123 367
3124 367
3125 367
3126 367
3127 367
3128 367
3129 367
3130 367
3131 367
3132 367
3133 367
3134 367
3135 367
3136 367
3137 367
3138 367
3139 367
3140 368
3141 368
3142 368
3143 369
3144 369
3145 370
3146 370
3147 370
3148 370
3149 370
3150 370
3151 370
3152 371
3153 371
3154 371
3155 371
3156 371
3157 371
3158 371
3159 371
3160 371
3161 371
3162 371
3163 371
3164 371
3165 371
3166 371
3167 371
3168 371
3169 371
3170 371
3171 371
3172 371
3173 371
3174 371
3175 371
3176 371
3177 371
3178 371
3179 371
3180 371
3181 371
3182 371
3183 371
3184 371
3185 371
3186 371
3187 371
3188 371
3189 371
3190 371
3191 371
3192 371
3193 372
3194 372
3195 372
3196 372
3197 373
3198 373
3199 373
3200 373
3201 373
3202 373
3203 373
3204 373
3205 373
3206 373
3207 373
3208 373
3209 373
3210 373
3211 373
3212 373
3213 373
3214 373
3215 373
3216 373
3217 373
3218 373
3219 373
3220 373
3221 373
3222 373
3223 373
3224 373
3225 373
3226 373
3227 373
3228 373
3229 373
3230 373
3231 373
3232 373
3233 373
3234 373
3235 373
3236 373
3237 373
3238 373
3239 373
3240 373
3241 373
3242 373
3243 373
3244 373
3245 373
3246 373
3247 373
3248 373
3249 373
3250 373
3251 373
3252 373
3253 373
3254 373
3255 373
3256 373
3257 373
3258 373
3259 373
3260 373
3261 373
3262 373
3263 373
3264 373
3265 373
3266 373
3267 373
3268 373
3269 373
3270 373
3271 373
3272 373
3273 373
3274 373
3275 373
3276 373
3277 373
3278 373
3279 373
3280 373
3281 373
3282 373
3283 373
3284 373
3285 373
3286 373
3287 373
3288 373
3289 373
3290 373
3291 373
3292 373
3293 373
3294 373
3295 373
3296 373
3297 373
3298 373
3299 373
3300 373
3301 373
3302 373
3303 373
3304 373
3305 373
3306 373
3307 373
3308 373
3309 373
3310 373
3311 373
3312 373
3313 373
3314 373
3315 373
3316 373
3317 374
3318 374
3319 374
3320 374
3321 374
3322 374
3323 374
3324 374
3325 374
3326 374
3327 374
3328 374
3329 374
3330 374
3331 374
3332 374
3333 374
3334 374
3335 374
3336 374
3337 374
3338 374
3339 374
3340 374
3341 374
3342 374
3343 374
3344 374
3345 374
3346 374
3347 374
3348 374
3349 374
3350 374
3351 374
3352 374
3353 374
3354 374
3355 374
3356 374
3357 374
3358 374
3359 374
3360 374
3361 374
3362 374
3363 374
3364 374
3365 374
3366 374
3367 374
3368 374
3369 374
3370 374
3371 374
3372 375
3373 375
3374 375
3375 375
3376 375
3377 375
3378 375
3379 375
3380 375
3381 375
3382 375
3383 375
3384 375
3385 375
3386 375
3387 375
3388 375
3389 375
3390 375
3391 375
3392 375
3393 375
3394 375
3395 375
3396 375
3397 375
3398 375
3399 375
3400 375
3401 375
3402 375
3403 375
3404 375
3405 375
3406 375
3407 375
3408 375
3409 375
3410 375
3411 375
3412 375
3413 375
3414 375
3415 375
3416 375
3417 375
3418 375
3419 375
3420 375
3421 375
3422 375
3423 375
3424 375
3425 375
3426 375
3427 375
3428 375
3429 375
3430 375
3431 375
3432 375
3433 375
3434 375
3435 375
3436 375
3437 375
3438 375
3439 375
3440 376
3441 376
3442 376
3443 376
3444 376
3445 376
3446 376
3447 376
3448 376
3449 376
3450 376
3451 376
3452 376
3453 376
3454 376
3455 376
3456 376
3457 376
3458 376
3459 376
3460 376
3461 376
3462 376
3463 376
3464 376
3465 376
3466 376
3467 376
3468 376
3469 376
3470 376
3471 376
3472 376
3473 376
3474 376
3475 376
3476 376
3477 376
3478 376
3479 376
3480 376
3481 376
3482 376
3483 376
3484 376
3485 376
3486 376
3487 376
3488 376
3489 376
3490 376
3491 376
3492 376
3493 376
3494 376
3495 377
3496 377
3497 377
3498 377
3499 377
3500 377
3501 377
3502 377
3503 377
3504 377
3505 377
3506 377
3507 377
3508 377
3509 377
3510 377
3511 377
3512 377
3513 377
3514 377
3515 377
3516 377
3517 377
3518 377
3519 377
3520 377
3521 377
3522 377
3523 377
3524 377
3525 377
3526 377
3527 377
3528 377
3529 377
3530 377
3531 377
3532 377
3533 377
3534 377
3535 377
3536 377
3537 377
3538 377
3539 377
3540 377
3541 377
3542 377
3543 377
3544 377
3545 377
3546 377
3547 377
3548 377
3549 377
3550 377
3551 377
3552 377
3553 377
3554 377
3555 377
3556 377
3557 377
3558 377
3559 377
3560 377
3561 377
3562 377
3563 377
3564 377
3565 377
3566 377
3567 377
3568 377
3569 377
3570 377
3571 377
3572 377
3573 377
3574 377
3575 377
3576 377
3577 377
3578 377
3579 377
3580 377
3581 377
3582 377
3583 377
3584 377
3585 377
3586 377
3587 377
3588 377
3589 377
3590 377
3591 377
3592 377
3593 377
3594 377
3595 377
3596 377
3597 377
3598 377
3599 377
3600 377
3601 377
3602 377
3603 377
3604 377
3605 377
3606 377
3607 377
3608 377
3609 377
3610 377
3611 377
3612 377
3613 377
3614 377
3615 377
3616 377
3617 377
3618 377
3619 377
3620 377
3621 377
3622 377
3623 377
3624 377
3625 377
3626 377
3627 377
3628 377
3629 377
3630 377
3631 377
3632 377
3633 377
3634 377
3635 377
3636 377
3637 377
3638 377
3639 377
3640 377
3641 377
3642 377
3643 377
3644 377
3645 377
3646 377
3647 377
3648 377
3649 377
3650 377
3651 377
3652 377
3653 377
3654 377
3655 377
3656 377
3657 377
3658 377
3659 377
3660 377
3661 377
3662 377
3663 377
3664 377
3665 377
3666 377
3667 377
3668 377
3669 378
3670 378
3671 378
3672 378
3673 378
3674 378
3675 378
3676 378
3677 378
3678 378
3679 378
3680 378
3681 378
3682 378
3683 378
3684 378
3685 378
3686 378
3687 378
3688 378
3689 378
3690 378
3691 378
3692 378
3693 378
3694 378
3695 378
3696 378
3697 378
3698 378
3699 378
3700 378
3701 378
3702 378
3703 378
3704 378
3705 378
3706 378
3707 378
3708 378
3709 378
3710 378
3711 378
3712 378
3713 378
3714 378
3715 378
3716 378
3717 378
3718 378
3719 379
3720 379
3721 379
3722 379
3723 379
3724 379
3725 379
3726 379
3727 379
3728 379
3729 379
3730 379
3731 379
3732 379
3733 379
3734 379
3735 379
3736 379
3737 379
3738 379
3739 379
3740 379
3741 379
3742 379
3743 379
3744 379
3745 379
3746 379
3747 379
3748 379
3749 379
3750 379
3751 379
3752 379
3753 379
3754 379
3755 379
3756 379
3757 379
3758 380
3759 380
3760 380
3761 380
3762 380
3763 380
3764 380
3765 380
3766 380
3767 380
3768 380
3769 380
3770 380
3771 380
3772 380
3773 380
3774 380
3775 380
3776 380
3777 380
3778 380
3779 380
3780 380
3781 380
3782 380
3783 380
3784 380
3785 380
3786 380
3787 380
3788 380
3789 380
3790 380
3791 380
3792 380
3793 380
3794 380
3795 380
3796 380
3797 380
3798 380
3799 380
3800 380
3801 380
3802 380
3803 380
3804 380
3805 380
3806 380
3807 380
3808 380
3809 380
3810 380
3811 380
3812 380
3813 380
3814 380
3815 380
3816 380
3817 380
3818 380
3819 380
3820 380
3821 380
3822 380
3823 380
3824 380
3825 380
3826 380
3827 380
3828 380
3829 380
3830 380
3831 380
3832 380
3833 380
3834 380
3835 380
3836 380
3837 380
3838 380
3839 380
3840 380
3841 380
3842 380
3843 380
3844 380
3845 380
3846 380
3847 380
3848 380
3849 380
3850 380
3851 381
3852 381
3853 381
3854 381
3855 381
3856 381
3857 381
3858 381
3859 381
3860 381
3861 381
3862 381
3863 381
3864 381
3865 381
3866 381
3867 381
3868 381
3869 381
3870 381
3871 381
3872 381
3873 381
3874 381
3875 381
3876 381
3877 381
3878 381
3879 381
3880 381
3881 381
3882 381
3883 381
3884 381
3885 381
3886 381
3887 381
3888 381
3889 381
3890 381
3891 381
3892 381
3893 381
3894 381
3895 381
3896 381
3897 381
3898 381
3899 381
3900 381
3901 381
3902 381
3903 381
3904 381
3905 381
3906 381
3907 381
3908 381
3909 381
3910 381
3911 381
3912 381
3913 381
3914 381
3915 381
3916 381
3917 381
3918 381
3919 381
3920 381
3921 381
3922 381
3923 381
3924 381
3925 381
3926 381
3927 381
3928 381
3929 381
3930 381
3931 381
3932 381
3933 381
3934 381
3935 381
3936 382
3937 382
3938 382
3939 382
3940 382
3941 382
3942 382
3943 382
3944 382
3945 382
3946 382
3947 382
3948 382
3949 382
3950 382
3951 382
3952 382
3953 382
3954 382
3955 382
3956 382
3957 382
3958 382
3959 382
3960 382
3961 382
3962 382
3963 382
3964 382
3965 382
3966 382
3967 382
3968 382
3969 382
3970 382
3971 382
3972 382
3973 382
3974 382
3975 382
3976 382
3977 382
3978 382
3979 382
3980 382
3981 382
3982 382
3983 382
3984 382
3985 382
3986 382
3987 382
3988 382
3989 382
3990 382
3991 382
3992 382
3993 382
3994 383
3995 383
3996 383
3997 383
3998 383
3999 383
4000 383
4001 383
4002 383
4003 383
4004 383
4005 383
4006 383
4007 383
4008 383
4009 383
4010 383
4011 383
4012 383
4013 383
4014 383
4015 383
4016 383
4017 383
4018 383
4019 383
4020 383
4021 383
4022 383
4023 383
4024 383
4025 384
4026 384
4027 384
4028 384
4029 384
4030 384
4031 384
4032 384
4033 384
4034 384
4035 384
4036 384
4037 384
4038 384
4039 384
4040 384
4041 384
4042 384
4043 384
4044 384
4045 384
4046 384
4047 384
4048 384
4049 384
4050 384
4051 384
4052 384
4053 384
4054 384
4055 384
4056 384
4057 384
4058 384
4059 384
4060 384
4061 384
4062 384
4063 384
4064 384
4065 384
4066 384
4067 384
4068 384
4069 384
4070 384
4071 384
4072 384
4073 384
4074 384
4075 384
4076 384
4077 384
4078 384
4079 384
4080 384
4081 384
4082 384
4083 384
4084 384
4085 384
4086 384
4087 384
4088 384
4089 384
4090 384
4091 384
4092 384
4093 384
4094 384
4095 384
4096 384
4097 384
4098 384
4099 384
4100 384
4101 384
4102 384
4103 384
4104 384
4105 384
4106 384
4107 384
4108 384
4109 384
4110 384
4111 384
4112 384
4113 384
4114 384
4115 384
4116 384
4117 384
4118 384
4119 384
4120 384
4121 385
4122 385
4123 385
4124 385
4125 385
4126 385
4127 385
4128 385
4129 385
4130 385
4131 385
4132 385
4133 385
4134 385
4135 385
4136 385
4137 385
4138 385
4139 385
4140 385
4141 385
4142 385
4143 385
4144 385
4145 385
4146 385
4147 385
4148 385
4149 385
4150 385
4151 385
4152 385
4153 385
4154 385
4155 385
4156 385
4157 385
4158 385
4159 385
4160 385
4161 385
4162 385
4163 385
4164 385
4165 385
4166 385
4167 385
4168 385
4169 385
4170 385
4171 385
4172 385
4173 385
4174 385
4175 385
4176 385
4177 385
4178 385
4179 385
4180 385
4181 385
4182 385
4183 385
4184 385
4185 385
4186 385
4187 385
4188 385
4189 385
4190 385
4191 385
4192 385
4193 385
4194 385
4195 385
4196 385
4197 385
4198 385
4199 385
4200 385
4201 385
4202 385
4203 385
4204 385
4205 385
4206 385
4207 385
4208 385
4209 385
4210 385
4211 385
4212 385
4213 385
4214 385
4215 385
4216 385
4217 385
4218 385
4219 385
4220 385
4221 385
4222 385
4223 385
4224 385
4225 385
4226 385
4227 385
4228 385
4229 385
4230 385
4231 385
4232 386
4233 386
4234 386
4235 386
4236 386
4237 386
4238 386
4239 386
4240 386
4241 386
4242 386
4243 386
4244 386
4245 386
4246 386
4247 386
4248 386
4249 386
4250 386
4251 386
4252 386
4253 386
4254 386
4255 386
4256 386
4257 386
4258 386
4259 386
4260 386
4261 386
4262 386
4263 386
4264 386
4265 386
4266 386
4267 386
4268 386
4269 386
4270 386
4271 386
4272 386
4273 386
4274 386
4275 386
4276 386
4277 386
4278 386
4279 386
4280 386
4281 386
4282 386
4283 386
4284 386
4285 386
4286 386
4287 386
4288 386
4289 386
4290 386
4291 386
4292 386
4293 386
4294 386
4295 386
4296 386
4297 386
4298 386
4299 386
4300 386
4301 386
4302 386
4303 386
4304 386
4305 386
4306 386
4307 386
4308 386
4309 386
4310 386
4311 386
4312 386
4313 386
4314 386
4315 386
4316 386
4317 386
4318 386
4319 386
4320 386
4321 386
4322 386
4323 386
4324 386
4325 386
4326 386
4327 386
4328 386
4329 386
4330 386
4331 386
4332 386
4333 386
4334 386
4335 386
4336 386
4337 386
4338 386
4339 386
4340 387
4341 387
4342 387
4343 387
4344 387
4345 387
4346 387
4347 387
4348 387
4349 387
4350 387
4351 387
4352 387
4353 387
4354 387
4355 387
4356 387
4357 387
4358 387
4359 387
4360 387
4361 387
4362 387
4363 387
4364 387
4365 387
4366 387
4367 387
4368 387
4369 387
4370 387
4371 387
4372 387
4373 387
4374 387
4375 387
4376 387
4377 387
4378 387
4379 387
4380 387
4381 387
4382 388
4383 388
4384 388
4385 388
4386 388
4387 388
4388 388
4389 388
4390 388
4391 388
4392 388
4393 388
4394 388
4395 388
4396 388
4397 388
4398 388
4399 388
4400 388
4401 388
4402 388
4403 388
4404 388
4405 388
4406 388
4407 388
4408 388
4409 388
4410 388
4411 388
4412 388
4413 388
4414 388
4415 388
4416 388
4417 389
4418 389
4419 389
4420 389
4421 389
4422 389
4423 389
4424 389
4425 389
4426 389
4427 389
4428 389
4429 389
4430 389
4431 389
4432 389
4433 389
4434 389
4435 389
4436 389
4437 389
4438 389
4439 389
4440 389
4441 389
4442 389
4443 389
4444 389
4445 389
4446 389
4447 389
4448 389
4449 389
4450 389
4451 389
4452 389
4453 389
4454 389
4455 389
4456 389
4457 389
4458 389
4459 389
4460 389
4461 389
4462 389
4463 389
4464 389
4465 389
4466 389
4467 389
4468 389
4469 389
4470 389
4471 389
4472 389
4473 389
4474 389
4475 389
4476 389
4477 389
4478 389
4479 389
4480 389
4481 389
4482 389
4483 389
4484 389
4485 389
4486 389
4487 389
4488 389
4489 389
4490 389
4491 389
4492 389
4493 389
4494 389
4495 389
4496 389
4497 389
4498 389
4499 389
4500 389
4501 389
4502 389
4503 389
4504 389
4505 389
4506 389
4507 389
4508 389
4509 389
4510 389
4511 389
4512 389
4513 389
4514 389
4515 389
4516 389
4517 389
4518 389
4519 389
4520 389
4521 389
4522 389
4523 389
4524 389
4525 389
4526 389
4527 389
4528 389
4529 389
4530 389
4531 389
4532 389
4533 389
4534 389
4535 389
4536 389
4537 389
4538 389
4539 389
4540 389
4541 389
4542 389
4543 389
4544 389
4545 389
4546 389
4547 389
4548 389
4549 389
4550 389
4551 389
4552 389
4553 389
4554 389
4555 389
4556 389
4557 389
4558 389
4559 389
4560 389
4561 389
4562 389
4563 389
4564 389
4565 389
4566 389
4567 389
4568 389
4569 389
4570 389
4571 389
4572 389
4573 389
4574 389
4575 389
4576 389
4577 389
4578 389
4579 389
4580 389
4581 389
4582 389
4583 389
4584 389
4585 389
4586 389
4587 389
4588 389
4589 389
4590 389
4591 389
4592 389
4593 389
4594 389
4595 389
4596 389
4597 389
4598 389
4599 389
4600 389
4601 389
4602 389
4603 389
4604 389
4605 389
4606 389
4607 389
4608 389
4609 389
4610 389
4611 389
4612 389
4613 389
4614 389
4615 389
4616 389
4617 389
4618 389
4619 389
4620 389
4621 389
4622 389
4623 389
4624 389
4625 389
4626 389
4627 389
4628 389
4629 389
4630 389
4631 389
4632 389
4633 389
4634 389
4635 389
4636 389
4637 389
4638 389
4639 389
4640 389
4641 389
4642 389
4643 389
4644 389
4645 389
4646 389
4647 389
4648 389
4649 389
4650 389
4651 389
4652 389
4653 389
4654 389
4655 389
4656 389
4657 389
4658 389
4659 389
4660 389
4661 389
4662 389
4663 389
4664 389
4665 389
4666 389
4667 389
4668 389
4669 389
4670 389
4671 390
4672 390
4673 390
4674 390
4675 390
4676 390
4677 390
4678 390
4679 390
4680 390
4681 390
4682 390
4683 390
4684 390
4685 390
4686 390
4687 390
4688 390
4689 390
4690 390
4691 390
4692 390
4693 390
4694 390
4695 390
4696 390
4697 390
4698 390
4699 390
4700 390
4701 390
4702 390
4703 390
4704 390
4705 390
4706 390
4707 390
4708 390
4709 390
4710 390
4711 390
4712 390
4713 390
4714 390
4715 390
4716 390
4717 390
4718 390
4719 390
4720 390
4721 390
4722 390
4723 390
4724 390
4725 390
4726 390
4727 390
4728 390
4729 390
4730 390
4731 390
4732 390
4733 390
4734 390
4735 390
4736 390
4737 390
4738 390
4739 390
4740 390
4741 390
4742 390
4743 390
4744 390
4745 390
4746 390
4747 390
4748 390
4749 390
4750 390
4751 390
4752 390
4753 390
4754 390
4755 390
4756 390
4757 390
4758 390
4759 390
4760 390
4761 390
4762 391
4763 391
4764 391
4765 391
4766 391
4767 391
4768 391
4769 391
4770 392
4771 392
4772 392
4773 392
4774 392
4775 392
4776 392
4777 392
4778 392
4779 392
4780 392
4781 392
4782 392
4783 392
4784 392
4785 392
4786 392
4787 392
4788 392
4789 392
4790 392
4791 392
4792 392
4793 392
4794 392
4795 392
4796 392
4797 392
4798 392
4799 392
4800 392
4801 392
4802 392
4803 392
4804 392
4805 392
4806 392
4807 392
4808 392
4809 392
4810 392
4811 392
4812 392
4813 392
4814 392
4815 392
4816 392
4817 392
4818 392
4819 392
4820 392
4821 392
4822 392
4823 392
4824 392
4825 392
4826 392
4827 392
4828 392
4829 392
4830 392
4831 392
4832 392
4833 392
4834 392
4835 392
4836 392
4837 392
4838 392
4839 392
4840 392
4841 392
4842 392
4843 392
4844 392
4845 392
4846 392
4847 392
4848 392
4849 392
4850 392
4851 392
4852 392
4853 392
4854 392
4855 392
4856 392
4857 392
4858 392
4859 392
4860 392
4861 392
4862 392
4863 392
4864 392
4865 392
4866 392
4867 392
4868 392
4869 392
4870 392
4871 392
4872 392
4873 392
4874 392
4875 392
4876 392
4877 392
4878 392
4879 392
4880 392
4881 392
4882 392
4883 392
4884 392
4885 392
4886 392
4887 392
4888 392
4889 392
4890 392
4891 392
4892 392
4893 392
4894 392
4895 392
4896 392
4897 392
4898 392
4899 392
4900 392
4901 392
4902 392
4903 392
4904 392
4905 392
4906 392
4907 392
4908 392
4909 392
4910 392
4911 392
4912 392
4913 392
4914 392
4915 392
4916 392
4917 392
4918 392
4919 392
4920 392
4921 392
4922 392
4923 392
4924 392
4925 392
4926 392
4927 392
4928 392
4929 392
4930 392
4931 392
4932 392
4933 392
4934 392
4935 392
4936 392
4937 393
4938 393
4939 393
4940 393
4941 393
4942 393
4943 393
4944 393
4945 393
4946 393
4947 393
4948 393
4949 393
4950 393
4951 393
4952 393
4953 393
4954 393
4955 393
4956 393
4957 393
4958 393
4959 393
4960 393
4961 393
4962 393
4963 393
4964 393
4965 393
4966 393
4967 393
4968 393
4969 393
4970 393
4971 393
4972 393
4973 393
4974 393
4975 393
4976 393
4977 393
4978 393
4979 393
4980 393
4981 393
4982 393
4983 393
4984 393
4985 393
4986 393
4987 393
4988 393
4989 393
4990 393
4991 393
4992 393
4993 393
4994 393
4995 393
4996 393
4997 393
4998 393
4999 393
5000 393
5001 393
5002 393
5003 393
5004 394
5005 394
5006 394
5007 394
5008 394
5009 394
5010 394
5011 394
5012 394
5013 394
5014 394
5015 394
5016 394
5017 394
5018 394
5019 394
5020 394
5021 394
5022 394
5023 394
5024 394
5025 394
5026 394
5027 394
5028 394
5029 394
5030 394
5031 394
5032 394
5033 394
5034 394
5035 394
5036 394
5037 394
5038 394
5039 394
5040 394
5041 394
5042 394
5043 394
5044 394
5045 394
5046 394
5047 394
5048 394
5049 394
5050 394
5051 394
5052 394
5053 394
5054 394
5055 394
5056 394
5057 394
5058 394
5059 394
5060 394
5061 394
5062 394
5063 394
5064 394
5065 394
5066 394
5067 394
5068 394
5069 394
5070 394
5071 394
5072 394
5073 394
5074 394
5075 394
5076 394
5077 394
5078 394
5079 394
5080 394
5081 394
5082 394
5083 394
5084 394
5085 394
5086 394
5087 394
5088 394
5089 394
5090 394
5091 394
5092 394
5093 394
5094 394
5095 394
5096 394
5097 394
5098 394
5099 394
5100 394
5101 394
5102 394
5103 394
5104 394
5105 394
5106 394
5107 394
5108 394
5109 394
5110 394
5111 394
5112 394
5113 394
5114 394
5115 394
5116 394
5117 394
5118 394
5119 394
5120 394
5121 394
5122 394
5123 394
5124 394
5125 394
5126 394
5127 394
5128 394
5129 394
5130 394
5131 394
5132 394
5133 394
5134 394
5135 394
5136 394
5137 394
5138 394
5139 394
5140 394
5141 394
5142 394
5143 394
5144 394
5145 394
5146 394
5147 394
5148 394
5149 394
5150 394
5151 394
5152 394
5153 394
5154 394
5155 394
5156 394
5157 394
5158 394
5159 394
5160 394
5161 394
5162 394
5163 394
5164 394
5165 394
5166 394
5167 394
5168 394
5169 394
5170 394
5171 394
5172 394
5173 394
5174 394
5175 394
5176 394
5177 394
5178 394
5179 394
5180 394
5181 394
5182 394
5183 394
5184 394
5185 394
5186 394
5187 394
5188 394
5189 394
5190 394
5191 394
5192 394
5193 394
5194 394
5195 394
5196 394
5197 394
5198 394
5199 394
5200 394
5201 394
5202 394
5203 394
5204 394
5205 394
5206 394
5207 394
5208 394
5209 394
5210 394
5211 394
5212 394
5213 394
5214 394
5215 394
5216 394
5217 394
5218 394
5219 394
5220 394
5221 394
5222 394
5223 394
5224 394
5225 394
5226 394
5227 394
5228 394
5229 394
5230 394
5231 394
5232 394
5233 394
5234 394
5235 394
5236 394
5237 394
5238 394
5239 394
5240 394
5241 394
5242 394
5243 394
5244 394
5245 394
5246 394
5247 394
5248 394
5249 394
5250 394
5251 394
5252 394
5253 394
5254 394
5255 394
5256 394
5257 394
5258 394
5259 394
5260 394
5261 394
5262 394
5263 394
5264 394
5265 394
5266 394
5267 394
5268 394
5269 394
5270 394
5271 394
5272 394
5273 394
5274 394
5275 394
5276 394
5277 394
5278 394
5279 394
5280 394
5281 394
5282 394
5283 394
5284 394
5285 394
5286 394
5287 394
5288 394
5289 394
5290 394
5291 394
5292 394
5293 394
5294 394
5295 394
5296 394
5297 394
5298 394
5299 394
5300 394
5301 394
5302 394
5303 394
5304 394
5305 394
5306 394
5307 394
5308 394
5309 394
5310 394
5311 394
5312 394
5313 394
5314 394
5315 394
5316 394
5317 394
5318 394
5319 394
5320 394
5321 394
5322 394
5323 394
5324 394
5325 394
5326 394
5327 394
5328 394
5329 394
5330 394
5331 394
5332 394
5333 394
5334 394
5335 394
5336 394
5337 394
5338 394
5339 394
5340 394
5341 394
5342 394
5343 394
5344 394
5345 394
5346 394
5347 394
5348 394
5349 394
5350 394
5351 394
5352 394
5353 394
5354 394
5355 394
5356 394
5357 394
5358 394
5359 394
5360 394
5361 394
5362 394
5363 394
5364 394
5365 394
5366 394
5367 394
5368 394
5369 394
5370 394
5371 394
5372 394
5373 394
5374 394
5375 394
5376 394
5377 394
5378 394
5379 394
5380 394
5381 394
5382 394
5383 394
5384 394
5385 394
5386 394
5387 394
5388 394
5389 394
5390 394
5391 394
5392 394
5393 394
5394 394
5395 394
5396 394
5397 394
5398 394
5399 394
5400 394
5401 394
5402 394
5403 394
5404 394
5405 394
5406 394
5407 394
5408 394
5409 394
5410 394
5411 394
5412 394
5413 394
5414 394
5415 394
5416 394
5417 394
5418 394
5419 394
5420 394
5421 394
5422 394
5423 394
5424 394
5425 394
5426 394
5427 394
5428 394
5429 394
5430 394
5431 394
5432 394
5433 394
5434 394
5435 394
5436 394
5437 394
5438 394
5439 394
5440 394
5441 394
5442 394
5443 394
5444 394
5445 394
5446 394
5447 394
5448 394
5449 394
5450 394
5451 394
5452 394
5453 394
5454 394
5455 394
5456 394
5457 394
5458 394
5459 394
5460 394
5461 394
5462 394
5463 394
5464 394
5465 394
5466 394
5467 394
5468 394
5469 394
5470 394
5471 394
5472 394
5473 394
5474 394
5475 394
5476 394
5477 394
5478 394
5479 394
5480 394
5481 394
5482 394
5483 394
5484 394
5485 394
5486 394
5487 394
5488 394
5489 394
5490 394
5491 394
5492 394
5493 394
5494 394
5495 394
5496 394
5497 394
5498 394
5499 394
5500 394
5501 394
5502 394
5503 394
5504 394
5505 394
5506 394
5507 394
5508 394
5509 394
5510 394
5511 394
5512 394
5513 394
5514 394
5515 394
5516 394
5517 394
5518 394
5519 394
5520 394
5521 394
5522 394
5523 394
5524 394
5525 394
5526 394
5527 394
5528 394
5529 394
5530 394
5531 394
5532 394
5533 394
5534 394
5535 394
5536 394
5537 394
5538 394
5539 394
5540 394
5541 394
5542 394
5543 394
5544 394
5545 394
5546 394
5547 394
5548 394
5549 394
5550 394
5551 394
5552 394
5553 394
5554 394
5555 394
5556 394
5557 394
5558 394
5559 394
5560 394
5561 394
5562 394
5563 394
5564 394
5565 394
5566 394
5567 394
5568 394
5569 394
5570 394
5571 394
5572 394
5573 394
5574 394
5575 394
5576 394
5577 394
5578 394
5579 394
5580 394
5581 394
5582 394
5583 394
5584 394
5585 394
5586 394
5587 394
5588 394
5589 394
5590 394
5591 394
5592 394
5593 394
5594 394
5595 394
5596 394
5597 394
5598 394
5599 394
5600 394
5601 394
5602 394
5603 394
5604 394
5605 394
5606 394
5607 394
5608 394
5609 394
5610 394
5611 394
5612 394
5613 394
5614 394
5615 394
5616 394
5617 394
5618 394
5619 394
5620 394
5621 394
5622 394
5623 394
5624 394
5625 394
5626 394
5627 394
5628 394
5629 394
5630 394
5631 394
5632 394
5633 394
5634 394
5635 394
5636 394
5637 394
5638 394
5639 394
5640 394
5641 394
5642 394
5643 394
5644 394
5645 394
5646 394
5647 394
5648 394
5649 394
5650 394
5651 394
5652 394
5653 394
5654 394
5655 394
5656 394
5657 394
5658 394
5659 394
5660 394
5661 394
5662 394
5663 394
5664 394
5665 394
5666 394
5667 394
5668 394
5669 394
5670 394
5671 394
5672 394
5673 394
5674 394
5675 394
5676 394
5677 394
5678 394
5679 394
5680 394
5681 394
5682 394
5683 394
5684 394
5685 394
5686 394
5687 394
5688 394
5689 394
5690 394
5691 394
5692 394
5693 394
5694 394
5695 394
5696 394
5697 394
5698 394
5699 394
5700 394
5701 394
5702 394
5703 394
5704 394
5705 394
5706 394
5707 394
5708 394
5709 394
5710 394
5711 394
5712 394
5713 394
5714 394
5715 394
5716 394
5717 394
5718 394
5719 394
5720 394
5721 394
5722 394
5723 394
5724 394
5725 394
5726 394
5727 394
5728 394
5729 394
5730 394
5731 394
5732 394
5733 394
5734 394
5735 394
5736 394
5737 394
5738 394
5739 394
5740 394
5741 394
5742 394
5743 394
5744 394
5745 394
5746 394
5747 394
5748 394
5749 394
5750 394
5751 394
5752 394
5753 394
5754 394
5755 394
5756 394
5757 394
5758 394
5759 394
5760 394
5761 394
5762 394
5763 394
5764 394
5765 394
5766 394
5767 394
5768 394
5769 394
5770 394
5771 394
5772 394
5773 394
5774 394
5775 394
5776 394
5777 394
5778 394
5779 394
5780 394
5781 394
5782 394
5783 394
5784 395
5785 395
5786 395
5787 395
5788 395
5789 395
5790 395
5791 395
5792 395
5793 395
5794 395
5795 395
5796 395
5797 395
5798 395
5799 395
5800 395
5801 395
5802 395
5803 395
5804 395
5805 395
5806 395
5807 395
5808 395
5809 395
5810 395
5811 395
5812 395
5813 395
5814 395
5815 395
5816 395
5817 395
5818 395
5819 395
5820 395
5821 395
5822 395
5823 395
5824 395
5825 395
5826 395
5827 395
5828 395
5829 395
5830 395
5831 395
5832 395
5833 395
5834 395
5835 395
5836 395
5837 395
5838 395
5839 395
5840 395
5841 395
5842 395
5843 395
5844 395
5845 395
5846 395
5847 395
5848 395
5849 395
5850 395
5851 395
5852 395
5853 395
5854 395
5855 395
5856 395
5857 395
5858 395
5859 395
5860 395
5861 395
5862 395
5863 395
5864 395
5865 395
5866 395
5867 395
5868 395
5869 395
5870 395
5871 395
5872 395
5873 395
5874 395
5875 395
5876 395
5877 395
5878 395
5879 395
5880 395
5881 395
5882 395
5883 395
5884 395
5885 395
5886 395
5887 395
5888 395
5889 395
5890 395
5891 395
5892 395
5893 395
5894 395
5895 395
5896 395
5897 395
5898 395
5899 395
5900 395
5901 395
5902 395
5903 395
5904 395
5905 395
5906 395
5907 395
5908 395
5909 395
5910 395
5911 395
5912 395
5913 395
5914 395
5915 395
5916 395
5917 395
5918 395
5919 395
5920 395
5921 395
5922 395
5923 395
5924 395
5925 395
5926 395
5927 395
5928 395
5929 395
5930 395
5931 395
5932 395
5933 395
5934 395
5935 395
5936 395
5937 395
5938 395
5939 395
5940 395
5941 395
5942 395
5943 395
5944 395
5945 395
5946 395
5947 395
5948 395
5949 395
5950 395
5951 395
5952 395
5953 395
5954 395
5955 395
5956 395
5957 395
5958 395
5959 395
5960 395
5961 395
5962 395
5963 395
5964 395
5965 395
5966 395
5967 395
5968 395
5969 395
5970 395
5971 395
5972 395
5973 395
5974 395
5975 395
5976 396
5977 396
5978 396
5979 396
5980 396
5981 396
5982 396
5983 396
5984 396
5985 396
5986 396
5987 396
5988 396
5989 396
5990 396
5991 396
5992 396
5993 396
5994 396
5995 396
5996 396
5997 396
5998 396
5999 396
6000 396
6001 396
6002 396
6003 396
6004 396
6005 396
6006 396
6007 396
6008 396
6009 396
6010 396
6011 396
6012 396
6013 396
6014 396
6015 396
6016 396
6017 396
6018 396
6019 396
6020 396
6021 396
6022 396
6023 396
6024 396
6025 396
6026 396
6027 396
6028 396
6029 396
6030 396
6031 396
6032 396
6033 396
6034 396
6035 396
6036 396
6037 396
6038 396
6039 396
6040 396
6041 396
6042 396
6043 396
6044 396
6045 396
6046 396
6047 396
6048 396
6049 396
6050 396
6051 396
6052 396
6053 396
6054 396
6055 396
6056 396
6057 396
6058 396
6059 396
6060 396
6061 396
6062 396
6063 396
6064 396
6065 396
6066 396
6067 396
6068 396
6069 396
6070 396
6071 396
6072 396
6073 396
6074 396
6075 396
6076 396
6077 396
6078 396
6079 396
6080 396
6081 396
6082 396
6083 396
6084 396
6085 396
6086 396
6087 396
6088 396
6089 396
6090 396
6091 396
6092 396
6093 396
6094 396
6095 396
6096 396
6097 396
6098 396
6099 396
6100 396
6101 396
6102 396
6103 396
6104 396
6105 396
6106 396
6107 396
6108 396
6109 396
6110 396
6111 396
6112 396
6113 396
6114 396
6115 396
6116 396
6117 396
6118 396
6119 396
6120 396
6121 396
6122 396
6123 396
6124 396
6125 396
6126 396
6127 396
6128 396
6129 396
6130 396
6131 396
6132 396
6133 396
6134 396
6135 396
6136 396
6137 396
6138 397
6139 397
6140 397
6141 397
6142 397
6143 397
6144 397
6145 397
6146 397
6147 397
6148 397
6149 397
6150 397
6151 397
6152 397
6153 397
6154 397
6155 397
6156 397
6157 397
6158 397
6159 397
6160 397
6161 397
6162 397
6163 397
6164 397
6165 397
6166 397
6167 397
6168 397
6169 397
6170 397
6171 397
6172 397
6173 397
6174 397
6175 397
6176 397
6177 397
6178 397
6179 397
6180 397
6181 397
6182 397
6183 397
6184 397
6185 397
6186 397
6187 397
6188 397
6189 397
6190 397
6191 397
6192 397
6193 397
6194 397
6195 397
6196 397
6197 397
6198 397
6199 397
6200 397
6201 397
6202 397
6203 397
6204 397
6205 397
6206 397
6207 397
6208 397
6209 397
6210 398
6211 398
6212 398
6213 398
6214 398
6215 398
6216 398
6217 398
6218 398
6219 398
6220 398
6221 398
6222 398
6223 398
6224 398
6225 398
6226 398
6227 398
6228 398
6229 398
6230 398
6231 398
6232 398
6233 398
6234 398
6235 398
6236 398
6237 398
6238 398
6239 398
6240 398
6241 398
6242 398
6243 398
6244 398
6245 398
6246 398
6247 398
6248 398
6249 398
6250 398
6251 398
6252 398
6253 398
6254 398
6255 398
6256 398
6257 398
6258 398
6259 398
6260 398
6261 398
6262 398
6263 398
6264 398
6265 398
6266 398
6267 398
6268 398
6269 398
6270 398
6271 398
6272 398
6273 398
6274 398
6275 398
6276 398
6277 398
6278 398
6279 398
6280 398
6281 398
6282 398
6283 398
6284 398
6285 398
6286 398
6287 398
6288 398
6289 398
6290 398
6291 398
6292 398
6293 398
6294 398
6295 398
6296 398
6297 398
6298 398
6299 398
6300 398
6301 398
6302 398
6303 398
6304 398
6305 398
6306 398
6307 398
6308 398
6309 398
6310 398
6311 398
6312 398
6313 398
6314 398
6315 398
6316 398
6317 398
6318 398
6319 398
6320 398
6321 398
6322 398
6323 398
6324 398
6325 398
6326 398
6327 398
6328 398
6329 398
6330 398
6331 398
6332 398
6333 398
6334 398
6335 398
6336 398
6337 398
6338 398
6339 398
6340 398
6341 398
6342 398
6343 398
6344 398
6345 398
6346 398
6347 398
6348 398
6349 398
6350 398
6351 398
6352 398
6353 398
6354 398
6355 398
6356 398
6357 398
6358 398
6359 398
6360 398
6361 398
6362 398
6363 398
6364 398
6365 398
6366 398
6367 398
6368 398
6369 398
6370 398
6371 398
6372 398
6373 398
6374 398
6375 398
6376 398
6377 398
6378 398
6379 398
6380 398
6381 398
6382 398
6383 398
6384 398
6385 398
6386 398
6387 398
6388 398
6389 398
6390 398
6391 398
6392 398
6393 398
6394 398
6395 398
6396 398
6397 398
6398 398
6399 398
6400 398
6401 398
6402 398
6403 398
6404 398
6405 398
6406 398
6407 398
6408 398
6409 398
6410 398
6411 398
6412 398
6413 398
6414 398
6415 398
6416 398
6417 398
6418 398
6419 398
6420 398
6421 398
6422 398
6423 398
6424 398
6425 398
6426 398
6427 398
6428 398
6429 398
6430 398
6431 398
6432 398
6433 398
6434 398
6435 398
6436 398
6437 398
6438 398
6439 398
6440 398
6441 398
6442 398
6443 398
6444 398
6445 398
6446 398
6447 398
6448 398
6449 398
6450 398
6451 398
6452 398
6453 398
6454 398
6455 398
6456 398
6457 398
6458 398
6459 398
6460 398
6461 398
6462 398
6463 398
6464 398
6465 398
6466 398
6467 398
6468 398
6469 398
6470 398
6471 398
6472 398
6473 398
6474 398
6475 398
6476 398
6477 398
6478 398
6479 398
6480 398
6481 398
6482 398
6483 398
6484 398
6485 398
6486 398
6487 398
6488 398
6489 398
6490 398
6491 398
6492 398
6493 398
6494 398
6495 398
6496 398
6497 398
6498 398
6499 398
6500 398
6501 398
6502 398
6503 398
6504 398
6505 398
6506 398
6507 398
6508 398
6509 398
6510 398
6511 398
6512 398
6513 398
6514 398
6515 398
6516 398
6517 398
6518 398
6519 398
6520 398
6521 398
6522 398
6523 398
6524 398
6525 398
6526 398
6527 398
6528 398
6529 398
6530 398
6531 398
6532 398
6533 398
6534 398
6535 398
6536 398
6537 398
6538 398
6539 398
6540 398
6541 398
6542 398
6543 398
6544 398
6545 398
6546 398
6547 398
6548 398
6549 398
6550 398
6551 398
6552 398
6553 398
6554 398
6555 398
6556 398
6557 398
6558 398
6559 398
6560 398
6561 398
6562 398
6563 398
6564 398
6565 398
6566 398
6567 398
6568 398
6569 398
6570 398
6571 398
6572 398
6573 398
6574 398
6575 398
6576 398
6577 398
6578 398
6579 398
6580 398
6581 398
6582 398
6583 398
6584 398
6585 398
6586 398
6587 398
6588 398
6589 398
6590 398
6591 398
6592 398
6593 398
6594 398
6595 398
6596 398
6597 398
6598 398
6599 398
6600 398
6601 398
6602 398
6603 398
6604 398
6605 398
6606 398
6607 398
6608 398
6609 398
6610 398
6611 398
6612 398
6613 398
6614 398
6615 398
6616 398
6617 398
6618 398
6619 398
6620 398
6621 398
6622 398
6623 398
6624 398
6625 398
6626 398
6627 398
6628 398
6629 398
6630 398
6631 398
6632 398
6633 398
6634 398
6635 398
6636 398
6637 398
6638 398
6639 398
6640 398
6641 398
6642 398
6643 398
6644 398
6645 398
6646 398
6647 398
6648 398
6649 398
6650 398
6651 398
6652 398
6653 398
6654 398
6655 398
6656 398
6657 398
6658 398
6659 398
6660 398
6661 398
6662 398
6663 398
6664 398
6665 398
6666 398
6667 398
6668 398
6669 398
6670 398
6671 398
6672 398
6673 398
6674 398
6675 398
6676 398
6677 398
6678 398
6679 398
6680 398
6681 398
6682 398
6683 398
6684 398
6685 398
6686 398
6687 398
6688 398
6689 398
6690 398
6691 398
6692 398
6693 398
6694 398
6695 398
6696 398
6697 398
6698 398
6699 398
6700 398
6701 398
6702 398
6703 398
6704 398
6705 398
6706 398
6707 398
6708 398
6709 398
6710 398
6711 398
6712 398
6713 398
6714 398
6715 398
6716 398
6717 398
6718 398
6719 398
6720 398
6721 398
6722 398
6723 398
6724 398
6725 398
6726 398
6727 398
6728 398
6729 398
6730 398
6731 398
6732 398
6733 398
6734 398
6735 398
6736 398
6737 398
6738 398
6739 398
6740 398
6741 398
6742 398
6743 398
6744 398
6745 398
6746 398
6747 398
6748 398
6749 398
6750 398
6751 398
6752 398
6753 398
6754 398
6755 398
6756 398
6757 398
6758 398
6759 398
6760 398
6761 398
6762 398
6763 398
6764 398
6765 398
6766 398
6767 398
6768 398
6769 398
6770 398
6771 398
6772 398
6773 398
6774 398
6775 398
6776 398
6777 398
6778 398
6779 398
6780 398
6781 398
6782 398
6783 398
6784 398
6785 398
6786 398
6787 398
6788 398
6789 398
6790 398
6791 398
6792 398
6793 398
6794 398
6795 398
6796 398
6797 398
6798 398
6799 398
6800 398
6801 398
6802 398
6803 398
6804 398
6805 398
6806 398
6807 398
6808 398
6809 398
6810 398
6811 398
6812 398
6813 398
6814 398
6815 398
6816 398
6817 398
6818 398
6819 398
6820 398
6821 398
6822 398
6823 398
6824 398
6825 398
6826 398
6827 398
6828 398
6829 398
6830 398
6831 398
6832 398
6833 398
6834 398
6835 398
6836 398
6837 398
6838 398
6839 398
6840 398
6841 398
6842 398
6843 398
6844 398
6845 398
6846 398
6847 398
6848 398
6849 398
6850 398
6851 398
6852 398
6853 398
6854 398
6855 398
6856 398
6857 398
6858 398
6859 398
6860 398
6861 398
6862 398
6863 398
6864 398
6865 398
6866 398
6867 398
6868 398
6869 398
6870 398
6871 398
6872 398
6873 398
6874 398
6875 398
6876 398
6877 398
6878 398
6879 398
6880 398
6881 398
6882 398
6883 398
6884 398
6885 398
6886 398
6887 398
6888 398
6889 398
6890 398
6891 398
6892 398
6893 398
6894 398
6895 398
6896 398
6897 398
6898 398
6899 398
6900 398
6901 398
6902 398
6903 398
6904 398
6905 398
6906 398
6907 398
6908 398
6909 398
6910 398
6911 398
6912 398
6913 398
6914 398
6915 398
6916 398
6917 398
6918 398
6919 398
6920 398
6921 398
6922 398
6923 398
6924 398
6925 398
6926 398
6927 398
6928 398
6929 398
6930 398
6931 398
6932 398
6933 398
6934 398
6935 398
6936 398
6937 398
6938 398
6939 398
6940 398
6941 398
6942 398
6943 398
6944 398
6945 398
6946 398
6947 398
6948 398
6949 398
6950 398
6951 398
6952 398
6953 398
6954 398
6955 398
6956 398
6957 398
6958 398
6959 398
6960 398
6961 398
6962 398
6963 398
6964 398
6965 398
6966 398
6967 398
6968 398
6969 398
6970 398
6971 398
6972 398
6973 398
6974 398
6975 398
6976 398
6977 398
6978 398
6979 398
6980 398
6981 398
6982 398
6983 398
6984 398
6985 398
6986 398
6987 398
6988 398
6989 398
6990 398
6991 398
6992 398
6993 398
6994 398
6995 398
6996 398
6997 398
6998 398
6999 398
7000 398
7001 398
7002 398
7003 398
7004 398
7005 398
7006 398
7007 398
7008 398
7009 398
7010 398
7011 398
7012 398
7013 398
7014 398
7015 398
7016 398
7017 398
7018 398
7019 398
7020 398
7021 398
7022 398
7023 398
7024 398
7025 398
7026 398
7027 398
7028 398
7029 398
7030 398
7031 398
7032 398
7033 398
7034 398
7035 398
7036 398
7037 398
7038 398
7039 398
7040 398
7041 398
7042 398
7043 398
7044 398
7045 398
7046 398
7047 398
7048 398
7049 398
7050 398
7051 398
7052 398
7053 398
7054 398
7055 398
7056 398
7057 398
7058 398
7059 398
7060 398
7061 398
7062 398
7063 398
7064 398
7065 398
7066 398
7067 398
7068 398
7069 398
7070 398
7071 398
7072 398
7073 398
7074 398
7075 398
7076 398
7077 398
7078 398
7079 398
7080 398
7081 398
7082 398
7083 398
7084 398
7085 398
7086 398
7087 398
7088 398
7089 398
7090 398
7091 398
7092 398
7093 398
7094 398
7095 398
7096 398
7097 398
7098 398
7099 398
7100 398
7101 398
7102 398
7103 398
7104 398
7105 398
7106 398
7107 398
7108 398
7109 398
7110 398
7111 398
7112 398
7113 398
7114 398
7115 398
7116 398
7117 398
7118 398
7119 398
7120 398
7121 398
7122 398
7123 398
7124 398
7125 398
7126 398
7127 398
7128 398
7129 398
7130 398
7131 398
7132 398
7133 398
7134 398
7135 398
7136 398
7137 398
7138 398
7139 398
7140 398
7141 398
7142 398
7143 398
7144 398
7145 398
7146 398
7147 398
7148 398
7149 398
7150 398
7151 398
7152 398
7153 398
7154 398
7155 398
7156 398
7157 398
7158 398
7159 398
7160 398
7161 398
7162 398
7163 398
7164 398
7165 398
7166 398
7167 398
7168 398
7169 398
7170 398
7171 398
7172 398
7173 398
7174 398
7175 398
7176 398
7177 398
7178 398
7179 398
7180 398
7181 398
7182 398
7183 398
7184 398
7185 398
7186 398
7187 398
7188 398
7189 398
7190 398
7191 398
7192 398
7193 398
7194 398
7195 398
7196 398
7197 398
7198 398
7199 398
7200 398
7201 398
7202 398
7203 398
7204 398
7205 398
7206 398
7207 398
7208 398
7209 398
7210 398
7211 398
7212 398
7213 398
7214 398
7215 398
7216 398
7217 398
7218 398
7219 398
7220 398
7221 398
7222 398
7223 398
7224 398
7225 398
7226 398
7227 398
7228 398
7229 398
7230 398
7231 398
7232 398
7233 398
7234 398
7235 398
7236 398
7237 398
7238 398
7239 398
7240 398
7241 398
7242 398
7243 398
7244 398
7245 398
7246 398
7247 398
7248 398
7249 398
7250 398
7251 398
7252 398
7253 398
7254 398
7255 398
7256 398
7257 398
7258 398
7259 398
7260 398
7261 398
7262 398
7263 399
7264 399
7265 399
7266 399
7267 399
7268 399
7269 399
7270 399
7271 399
7272 399
7273 399
7274 399
7275 399
7276 399
7277 399
7278 399
7279 399
7280 399
7281 399
7282 399
7283 399
7284 399
7285 399
7286 399
7287 399
7288 399
7289 399
7290 399
7291 399
7292 399
7293 399
7294 399
7295 399
7296 399
7297 399
7298 399
7299 399
7300 399
7301 399
7302 399
7303 399
7304 399
7305 399
7306 399
7307 399
7308 399
7309 399
7310 399
7311 399
7312 399
7313 399
7314 399
7315 399
7316 399
7317 399
7318 399
7319 399
7320 399
7321 399
7322 399
7323 399
7324 399
7325 399
7326 399
7327 399
7328 399
7329 399
7330 399
7331 399
7332 399
7333 399
7334 399
7335 399
7336 399
7337 399
7338 399
7339 399
7340 399
7341 399
7342 399
7343 399
7344 399
7345 399
7346 399
7347 399
7348 399
7349 399
7350 399
7351 399
7352 399
7353 399
7354 399
7355 399
7356 399
7357 399
7358 399
7359 399
7360 399
7361 399
7362 399
7363 399
7364 399
7365 399
7366 399
7367 399
7368 399
7369 399
7370 399
7371 399
7372 399
7373 399
7374 399
7375 399
7376 399
7377 399
7378 399
7379 399
7380 399
7381 399
7382 399
7383 399
7384 399
7385 399
7386 399
7387 399
7388 399
7389 399
7390 399
7391 399
7392 399
7393 399
7394 399
7395 399
7396 399
7397 399
7398 399
7399 399
7400 399
7401 399
7402 399
7403 399
7404 399
7405 399
7406 399
7407 399
7408 399
7409 399
7410 399
7411 399
7412 399
7413 399
7414 399
7415 399
7416 399
7417 399
7418 399
7419 399
7420 399
7421 399
7422 399
7423 399
7424 399
7425 399
7426 399
7427 399
7428 399
7429 399
7430 399
7431 399
7432 399
7433 399
7434 399
7435 399
7436 399
7437 399
7438 399
7439 399
7440 399
7441 399
7442 399
7443 399
7444 399
7445 399
7446 399
7447 399
7448 399
7449 399
7450 399
7451 399
7452 399
7453 399
7454 399
7455 399
7456 399
7457 399
7458 399
7459 399
7460 399
7461 399
7462 399
7463 399
7464 399
7465 399
7466 399
7467 399
7468 399
7469 399
7470 399
7471 399
7472 399
7473 399
7474 399
7475 399
7476 399
7477 399
7478 399
7479 399
7480 399
7481 399
7482 399
7483 399
7484 399
7485 399
7486 399
7487 399
7488 399
7489 399
7490 399
7491 399
7492 399
7493 399
7494 399
7495 399
7496 399
7497 399
7498 399
7499 399
7500 399
7501 399
7502 399
7503 399
7504 399
7505 399
7506 399
7507 399
7508 399
7509 399
7510 399
7511 399
7512 399
7513 399
7514 399
7515 399
7516 399
7517 399
7518 399
7519 399
7520 399
7521 399
7522 399
7523 399
7524 399
7525 399
7526 399
7527 399
7528 399
7529 399
7530 399
7531 399
7532 399
7533 399
7534 399
7535 399
7536 399
7537 399
7538 399
7539 399
7540 399
7541 399
7542 399
7543 399
7544 399
7545 399
7546 399
7547 399
7548 399
7549 399
7550 399
7551 399
7552 399
7553 399
7554 399
7555 399
7556 399
7557 399
7558 399
7559 399
7560 399
7561 399
7562 399
7563 399
7564 399
7565 399
7566 399
7567 399
7568 399
7569 399
7570 399
7571 399
7572 399
7573 399
7574 399
7575 399
7576 399
7577 399
7578 399
7579 399
7580 399
7581 399
7582 399
7583 399
7584 399
7585 399
7586 399
7587 399
7588 399
7589 399
7590 399
7591 399
7592 399
7593 399
7594 399
7595 399
7596 399
7597 399
7598 399
7599 399
7600 399
7601 399
7602 399
7603 399
7604 399
7605 399
7606 399
7607 399
7608 399
7609 399
7610 399
7611 399
7612 399
7613 399
7614 399
7615 399
7616 399
7617 399
7618 399
7619 399
7620 399
7621 399
7622 399
7623 399
7624 399
7625 399
7626 399
7627 399
7628 399
7629 399
7630 399
7631 399
7632 399
7633 399
7634 399
7635 399
7636 399
7637 399
7638 399
7639 399
7640 399
7641 399
7642 399
7643 399
7644 399
7645 399
7646 399
7647 399
7648 399
7649 399
7650 399
7651 399
7652 399
7653 399
7654 399
7655 399
7656 399
7657 399
7658 399
7659 399
7660 399
7661 399
7662 399
7663 399
7664 399
7665 399
7666 399
7667 399
7668 399
7669 399
7670 399
7671 399
7672 399
7673 399
7674 399
7675 399
7676 399
7677 399
7678 399
7679 399
7680 399
7681 399
7682 399
7683 399
7684 399
7685 399
7686 399
7687 399
7688 399
7689 399
7690 399
7691 399
7692 399
7693 399
7694 399
7695 399
7696 399
7697 399
7698 399
7699 399
7700 399
7701 399
7702 399
7703 399
7704 399
7705 399
7706 399
7707 399
7708 399
7709 399
7710 399
7711 399
7712 399
7713 399
7714 399
7715 399
7716 399
7717 399
7718 399
7719 399
7720 399
7721 399
7722 399
7723 399
7724 399
7725 399
7726 399
7727 399
7728 399
7729 399
7730 399
7731 399
7732 399
7733 399
7734 399
7735 399
7736 399
7737 399
7738 399
7739 399
7740 399
7741 399
7742 399
7743 399
7744 399
7745 399
7746 399
7747 399
7748 399
7749 399
7750 399
7751 399
7752 399
7753 399
7754 399
7755 399
7756 399
7757 399
7758 399
7759 399
7760 399
7761 399
7762 399
7763 399
7764 399
7765 399
7766 399
7767 399
7768 399
7769 399
7770 399
7771 399
7772 399
7773 399
7774 399
7775 399
7776 399
7777 399
7778 399
7779 399
7780 399
7781 399
7782 399
7783 399
7784 399
7785 399
7786 399
7787 399
7788 399
7789 399
7790 399
7791 399
7792 399
7793 399
7794 399
7795 399
7796 399
7797 399
7798 399
7799 399
7800 399
7801 399
7802 399
7803 399
7804 399
7805 399
7806 399
7807 399
7808 399
7809 399
7810 399
7811 399
7812 399
7813 399
7814 399
7815 399
7816 399
7817 399
7818 399
7819 399
7820 399
7821 399
7822 399
7823 399
7824 399
7825 399
7826 399
7827 399
7828 399
7829 399
7830 399
7831 399
7832 399
7833 399
7834 399
7835 399
7836 399
7837 399
7838 399
7839 399
7840 399
7841 399
7842 399
7843 399
7844 399
7845 399
7846 399
7847 399
7848 399
7849 399
7850 399
7851 399
7852 399
7853 399
7854 399
7855 399
7856 399
7857 399
7858 399
7859 399
7860 399
7861 399
7862 399
7863 399
7864 399
7865 399
7866 399
7867 399
7868 399
7869 399
7870 399
7871 399
7872 399
7873 399
7874 399
7875 399
7876 399
7877 399
7878 399
7879 399
7880 399
7881 399
7882 399
7883 399
7884 399
7885 399
7886 399
7887 399
7888 399
7889 399
7890 399
7891 399
7892 399
7893 399
7894 399
7895 399
7896 399
7897 399
7898 399
7899 399
7900 399
7901 399
7902 399
7903 399
7904 399
7905 399
7906 399
7907 399
7908 399
7909 399
7910 399
7911 399
7912 399
7913 399
7914 399
7915 399
7916 399
7917 399
7918 399
7919 399
7920 399
7921 399
7922 399
7923 399
7924 399
7925 399
7926 399
7927 399
7928 399
7929 399
7930 399
7931 399
7932 399
7933 399
7934 399
7935 399
7936 399
7937 399
7938 399
7939 399
7940 399
7941 399
7942 399
7943 399
7944 399
7945 399
7946 399
7947 399
7948 399
7949 399
7950 399
7951 399
7952 399
7953 399
7954 399
7955 399
7956 399
7957 399
7958 399
7959 399
7960 399
7961 399
7962 399
7963 399
7964 399
7965 399
7966 399
7967 399
7968 399
7969 399
7970 399
7971 399
7972 399
7973 399
7974 399
7975 399
7976 399
7977 399
7978 399
7979 399
7980 399
7981 399
7982 399
7983 399
7984 399
7985 399
7986 399
7987 399
7988 399
7989 399
7990 399
7991 399
7992 399
7993 399
7994 399
7995 399
7996 399
7997 399
7998 399
7999 399
8000 399
8001 399
8002 399
8003 399
8004 399
8005 399
8006 399
8007 399
8008 399
8009 399
8010 399
8011 399
8012 399
8013 399
8014 399
8015 399
8016 399
8017 399
8018 399
8019 399
8020 399
8021 399
8022 399
8023 399
8024 399
8025 399
8026 399
8027 399
8028 399
8029 399
8030 399
8031 399
8032 399
8033 399
8034 399
8035 399
8036 399
8037 399
8038 399
8039 399
8040 399
8041 399
8042 399
8043 399
8044 399
8045 399
8046 399
8047 399
8048 399
8049 399
8050 399
8051 399
8052 399
8053 399
8054 399
8055 399
8056 399
8057 399
8058 399
8059 399
8060 399
8061 399
8062 399
8063 399
8064 399
8065 399
8066 399
8067 399
8068 399
8069 399
8070 399
8071 399
8072 399
8073 399
8074 399
8075 399
8076 399
8077 399
8078 399
8079 399
8080 399
8081 399
8082 399
8083 399
8084 399
8085 399
8086 399
8087 399
8088 399
8089 399
8090 399
8091 399
8092 399
8093 399
8094 399
8095 399
8096 399
8097 399
8098 399
8099 399
8100 399
8101 399
8102 399
8103 399
8104 399
8105 399
8106 399
8107 399
8108 399
8109 399
8110 399
8111 399
8112 399
8113 399
8114 399
8115 399
8116 399
8117 399
8118 399
8119 399
8120 399
8121 399
8122 399
8123 399
8124 399
8125 399
8126 399
8127 399
8128 399
8129 399
8130 399
8131 399
8132 399
8133 399
8134 399
8135 399
8136 399
8137 399
8138 399
8139 399
8140 399
8141 399
8142 399
8143 399
8144 399
8145 399
8146 399
8147 399
8148 399
8149 399
8150 399
8151 399
8152 399
8153 399
8154 399
8155 399
8156 399
8157 399
8158 399
8159 399
8160 399
8161 399
8162 399
8163 399
8164 399
8165 399
8166 399
8167 399
8168 399
8169 399
8170 399
8171 399
8172 399
8173 399
8174 399
8175 399
8176 399
8177 399
8178 399
8179 399
8180 399
8181 399
8182 399
8183 399
8184 399
8185 399
8186 399
8187 399
8188 399
8189 399
8190 399
8191 399
8192 399
8193 399
8194 399
8195 399
8196 399
8197 399
8198 399
8199 399
8200 399
8201 399
8202 399
8203 399
8204 399
8205 399
8206 399
8207 399
8208 399
8209 399
8210 399
8211 399
8212 399
8213 399
8214 399
8215 399
8216 399
8217 399
8218 399
8219 399
8220 399
8221 399
8222 399
8223 399
8224 399
8225 399
8226 399
8227 399
8228 399
8229 399
8230 399
8231 399
8232 399
8233 399
8234 399
8235 399
8236 399
8237 399
8238 399
8239 399
8240 399
8241 399
8242 399
8243 399
8244 399
8245 399
8246 399
8247 399
8248 399
8249 399
8250 399
8251 399
8252 399
8253 399
8254 399
8255 399
8256 399
8257 399
8258 399
8259 399
8260 399
8261 399
8262 399
8263 399
8264 399
8265 399
8266 399
8267 399
8268 399
8269 399
8270 399
8271 399
8272 399
8273 399
8274 399
8275 399
8276 399
8277 399
8278 399
8279 399
8280 399
8281 399
8282 399
8283 399
8284 399
8285 399
8286 399
8287 399
8288 399
8289 399
8290 399
8291 399
8292 399
8293 399
8294 399
8295 399
8296 399
8297 399
8298 399
8299 399
8300 399
8301 399
8302 399
8303 399
8304 399
8305 399
8306 399
8307 399
8308 399
8309 399
8310 399
8311 399
8312 399
8313 399
8314 399
8315 399
8316 399
8317 399
8318 399
8319 399
8320 399
8321 399
8322 399
8323 399
8324 399
8325 399
8326 399
8327 399
8328 399
8329 399
8330 399
8331 399
8332 399
8333 399
8334 399
8335 399
8336 399
8337 399
8338 399
8339 399
8340 399
8341 399
8342 399
8343 399
8344 399
8345 399
8346 399
8347 399
8348 399
8349 399
8350 399
8351 399
8352 399
8353 399
8354 399
8355 399
8356 399
8357 399
8358 399
8359 399
8360 399
8361 399
8362 399
8363 399
8364 399
8365 399
8366 399
8367 399
8368 399
8369 399
8370 399
8371 399
8372 399
8373 399
8374 399
8375 399
8376 399
8377 399
8378 399
8379 399
8380 399
8381 399
8382 399
8383 399
8384 399
8385 399
8386 399
8387 399
8388 399
8389 399
8390 399
8391 399
8392 399
8393 399
8394 399
8395 399
8396 399
8397 399
8398 399
8399 399
8400 399
8401 399
8402 399
8403 399
8404 399
8405 399
8406 399
8407 399
8408 399
8409 399
8410 399
8411 399
8412 399
8413 399
8414 399
8415 399
8416 399
8417 399
8418 399
8419 399
8420 399
8421 399
8422 399
8423 399
8424 399
8425 399
8426 399
8427 399
8428 399
8429 399
8430 399
8431 399
8432 399
8433 399
8434 399
8435 399
8436 399
8437 399
8438 399
8439 399
8440 399
8441 399
8442 399
8443 399
8444 399
8445 399
8446 399
8447 399
8448 399
8449 399
8450 399
8451 399
8452 399
8453 399
8454 399
8455 399
8456 399
8457 399
8458 399
8459 399
8460 399
8461 399
8462 399
8463 399
8464 399
8465 399
8466 399
8467 399
8468 399
8469 399
8470 399
8471 399
8472 399
8473 399
8474 399
8475 399
8476 399
8477 399
8478 399
8479 399
8480 399
8481 399
8482 399
8483 399
8484 399
8485 399
8486 399
8487 399
8488 399
8489 399
8490 399
8491 399
8492 399
8493 399
8494 399
8495 399
8496 399
8497 399
8498 399
8499 399
8500 399
8501 399
8502 399
8503 399
8504 399
8505 399
8506 399
8507 399
8508 399
8509 399
8510 399
8511 399
8512 399
8513 399
8514 399
8515 399
8516 399
8517 399
8518 399
8519 399
8520 399
8521 399
8522 399
8523 399
8524 399
8525 399
8526 399
8527 399
8528 399
8529 399
8530 399
8531 399
8532 399
8533 399
8534 399
8535 399
8536 399
8537 399
8538 399
8539 399
8540 399
8541 399
8542 399
8543 399
8544 399
8545 399
8546 399
8547 399
8548 399
8549 399
8550 399
8551 399
8552 399
8553 399
8554 399
8555 399
8556 399
8557 399
8558 399
8559 399
8560 399
8561 399
8562 399
8563 399
8564 399
8565 399
8566 399
8567 399
8568 399
8569 399
8570 399
8571 399
8572 400
