0 1
1 2
2 3
3 3
4 4
5 4
6 4
7 5
8 6
9 7
10 8
11 9
12 9
13 9
14 9
15 10
16 10
17 10
18 10
19 10
20 11
21 12
22 13
23 14
24 14
25 14
26 15
27 15
28 15
29 16
30 17
31 18
32 19
33 19
34 20
35 21
36 22
37 23
38 24
39 24
40 25
41 25
42 25
43 26
44 27
45 28
46 28
47 28
48 28
49 28
50 28
51 29
52 30
53 31
54 32
55 33
56 34
57 34
58 35
59 35
60 36
61 36
62 36
63 36
64 36
65 37
66 37
67 37
68 37
69 38
70 38
71 38
72 38
73 38
74 39
75 40
76 41
77 41
78 41
79 41
80 42
81 43
82 43
83 43
84 43
85 43
86 44
87 44
88 44
89 45
90 45
91 45
92 46
93 47
94 48
95 48
96 49
97 49
98 50
99 50
100 51
101 51
102 51
103 52
104 53
105 54
106 54
107 54
108 55
109 55
110 55
111 55
112 56
113 56
114 56
115 56
116 56
117 57
118 58
119 58
120 59
121 59
122 60
123 60
124 61
125 61
126 61
127 62
128 63
129 64
130 64
131 64
132 64
133 64
134 64
135 64
136 64
137 65
138 65
139 66
140 66
141 66
142 66
143 66
144 66
145 67
146 67
147 67
148 68
149 68
150 68
151 69
152 69
153 69
154 69
155 69
156 69
157 69
158 70
159 71
160 72
161 72
162 73
163 73
164 73
165 73
166 73
167 73
168 74
169 75
170 75
171 75
172 76
173 76
174 77
175 77
176 77
177 77
178 78
179 78
180 78
181 79
182 79
183 79
184 79
185 79
186 80
187 80
188 80
189 80
190 80
191 81
192 81
193 81
194 81
195 81
196 81
197 81
198 82
199 83
200 83
201 83
202 83
203 84
204 84
205 84
206 84
207 84
208 84
209 85
210 85
211 85
212 86
213 86
214 86
215 86
216 87
217 88
218 88
219 88
220 89
221 89
222 89
223 90
224 91
225 92
226 93
227 94
228 95
229 95
230 96
231 97
232 97
233 97
234 97
235 98
236 98
237 98
238 99
239 99
240 100
241 101
242 102
243 103
244 103
245 104
246 104
247 104
248 104
249 104
250 104
251 104
252 105
253 105
254 105
255 105
256 105
257 106
258 107
259 107
260 108
261 109
262 109
263 110
264 110
265 111
266 112
267 112
268 113
269 114
270 114
271 115
272 116
273 117
274 117
275 118
276 119
277 119
278 119
279 119
280 119
281 120
282 120
283 121
284 122
285 122
286 123
287 123
288 124
289 124
290 125
291 126
292 127
293 128
294 128
295 128
296 128
297 128
298 129
299 130
300 130
301 130
302 130
303 130
304 131
305 131
306 132
307 132
308 133
309 133
310 133
311 134
312 135
313 135
314 135
315 136
316 136
317 137
318 137
319 138
320 138
321 138
322 138
323 138
324 139
325 140
326 140
327 141
328 142
329 143
330 143
331 143
332 144
333 144
334 144
335 145
336 145
337 146
338 147
339 148
340 148
341 148
342 148
343 148
344 148
345 148
346 148
347 148
348 149
349 149
350 149
351 149
352 149
353 150
354 150
355 151
356 152
357 152
358 153
359 153
360 154
361 154
362 155
363 155
364 155
365 155
366 156
367 156
368 156
369 157
370 158
371 158
372 158
373 159
374 160
375 160
376 160
377 161
378 161
379 161
380 161
381 161
382 162
383 163
384 163
385 163
386 163
387 163
388 163
389 164
390 164
391 165
392 165
393 166
394 166
395 166
396 166
397 166
398 167
399 168
400 168
401 168
402 168
403 168
404 168
405 168
406 169
407 169
408 169
409 169
410 169
411 170
412 170
413 170
414 170
415 170
416 170
417 171
418 171
419 172
420 173
421 173
422 174
423 174
424 174
425 174
426 174
427 174
428 174
429 175
430 176
431 176
432 177
433 177
434 178
435 178
436 178
437 179
438 179
439 179
440 180
441 181
442 181
443 181
444 181
445 182
446 182
447 182
448 182
449 182
450 182
451 182
452 182
453 182
454 182
455 182
456 182
457 182
458 183
459 183
460 183
461 183
462 183
463 183
464 183
465 183
466 183
467 183
468 183
469 183
470 183
471 183
472 183
473 183
474 183
475 184
476 184
477 184
478 184
479 185
480 185
481 186
482 186
483 186
484 186
485 186
486 186
487 186
488 187
489 187
490 187
491 187
492 188
493 188
494 188
495 188
496 189
497 189
498 189
499 189
500 189
501 189
502 189
503 189
504 189
505 189
506 189
507 190
508 190
509 190
510 191
511 191
512 191
513 192
514 192
515 192
516 193
517 193
518 193
519 193
520 193
521 193
522 193
523 193
524 193
525 193
526 194
527 194
528 194
529 195
530 195
531 195
532 196
533 196
534 196
535 196
536 196
537 196
538 196
539 196
540 196
541 196
542 197
543 197
544 197
545 198
546 198
547 198
548 198
549 198
550 198
551 198
552 198
553 198
554 198
555 198
556 199
557 199
558 200
559 200
560 201
561 201
562 201
563 201
564 201
565 202
566 202
567 202
568 203
569 203
570 203
571 203
572 203
573 203
574 204
575 204
576 204
577 204
578 204
579 204
580 204
581 204
582 204
583 204
584 204
585 204
586 204
587 204
588 204
589 204
590 205
591 206
592 206
593 206
594 206
595 206
596 206
597 207
598 207
599 207
600 207
601 207
602 207
603 207
604 208
605 208
606 208
607 208
608 209
609 210
610 210
611 210
612 211
613 211
614 212
615 213
616 213
617 213
618 213
619 213
620 213
621 214
622 214
623 214
624 215
625 215
626 216
627 216
628 216
629 217
630 217
631 218
632 218
633 218
634 218
635 218
636 218
637 218
638 218
639 218
640 218
641 219
642 219
643 219
644 219
645 220
646 220
647 220
648 220
649 220
650 220
651 221
652 221
653 221
654 221
655 221
656 221
657 221
658 221
659 221
660 221
661 222
662 222
663 222
664 222
665 222
666 222
667 222
668 223
669 223
670 223
671 224
672 224
673 224
674 224
675 224
676 224
677 224
678 224
679 224
680 225
681 225
682 225
683 225
684 225
685 225
686 225
687 225
688 225
689 226
690 226
691 226
692 227
693 228
694 228
695 229
696 229
697 229
698 229
699 230
700 230
701 230
702 230
703 230
704 230
705 230
706 230
707 230
708 230
709 230
710 230
711 230
712 230
713 230
714 231
715 231
716 231
717 231
718 231
719 231
720 232
721 232
722 232
723 233
724 233
725 234
726 234
727 234
728 234
729 235
730 235
731 236
732 236
733 236
734 236
735 236
736 236
737 236
738 236
739 236
740 237
741 237
742 238
743 238
744 238
745 238
746 238
747 238
748 238
749 238
750 239
751 240
752 240
753 241
754 242
755 242
756 242
757 242
758 242
759 242
760 242
761 242
762 242
763 242
764 242
765 243
766 243
767 243
768 244
769 244
770 245
771 245
772 246
773 247
774 247
775 247
776 248
777 249
778 249
779 249
780 249
781 249
782 249
783 250
784 250
785 251
786 251
787 251
788 251
789 251
790 251
791 251
792 251
793 251
794 252
795 253
796 253
797 254
798 254
799 254
800 254
801 254
802 254
803 254
804 255
805 255
806 255
807 255
808 255
809 255
810 255
811 255
812 255
813 255
814 256
815 257
816 258
817 258
818 258
819 258
820 259
821 259
822 259
823 259
824 259
825 259
826 259
827 259
828 259
829 260
830 260
831 260
832 260
833 260
834 260
835 260
836 260
837 261
838 262
839 262
840 262
841 262
842 262
843 262
844 262
845 262
846 262
847 262
848 262
849 262
850 262
851 262
852 262
853 262
854 263
855 264
856 264
857 265
858 265
859 265
860 266
861 266
862 266
863 266
864 266
865 266
866 266
867 266
868 267
869 267
870 267
871 267
872 268
873 268
874 269
875 269
876 269
877 269
878 270
879 271
880 271
881 272
882 273
883 273
884 273
885 273
886 274
887 275
888 276
889 277
890 277
891 278
892 278
893 278
894 278
895 278
896 278
897 278
898 278
899 278
900 279
901 279
902 279
903 279
904 279
905 279
906 279
907 279
908 279
909 279
910 279
911 279
912 279
913 279
914 279
915 279
916 279
917 279
918 279
919 279
920 280
921 280
922 281
923 282
924 283
925 283
926 283
927 283
928 283
929 283
930 283
931 283
932 283
933 283
934 283
935 283
936 283
937 283
938 283
939 283
940 283
941 283
942 283
943 283
944 283
945 283
946 284
947 284
948 284
949 284
950 284
951 284
952 284
953 284
954 284
955 284
956 284
957 284
958 284
959 285
960 286
961 286
962 286
963 286
964 286
965 286
966 286
967 286
968 286
969 286
970 286
971 287
972 287
973 287
974 287
975 288
976 288
977 288
978 288
979 288
980 288
981 288
982 288
983 288
984 288
985 288
986 289
987 289
988 289
989 289
990 289
991 289
992 289
993 289
994 290
995 290
996 290
997 291
998 291
999 291
1000 292
1001 293
1002 293
1003 293
1004 293
1005 293
1006 293
1007 293
1008 294
1009 294
1010 294
1011 294
1012 294
1013 294
1014 294
1015 294
1016 294
1017 294
1018 294
1019 294
1020 294
1021 294
1022 294
1023 294
1024 294
1025 294
1026 294
1027 294
1028 294
1029 294
1030 294
1031 295
1032 295
1033 295
1034 295
1035 295
1036 295
1037 296
1038 296
1039 296
1040 296
1041 296
1042 296
1043 296
1044 296
1045 296
1046 296
1047 296
1048 296
1049 296
1050 296
1051 296
1052 296
1053 297
1054 297
1055 297
1056 297
1057 297
1058 297
1059 297
1060 297
1061 297
1062 297
1063 297
1064 297
1065 297
1066 298
1067 298
1068 298
1069 298
1070 298
1071 298
1072 298
1073 299
1074 299
1075 299
1076 299
1077 299
1078 299
1079 300
1080 300
1081 300
1082 300
1083 300
1084 300
1085 300
1086 300
1087 300
1088 301
1089 301
1090 301
1091 301
1092 302
1093 302
1094 302
1095 302
1096 302
1097 302
1098 303
1099 303
1100 303
1101 303
1102 303
1103 303
1104 303
1105 304
1106 304
1107 304
1108 304
1109 304
1110 304
1111 305
1112 306
1113 306
1114 306
1115 306
1116 306
1117 306
1118 306
1119 306
1120 306
1121 307
1122 307
1123 307
1124 307
1125 307
1126 307
1127 307
1128 307
1129 307
1130 307
1131 307
1132 307
1133 308
1134 308
1135 308
1136 308
1137 308
1138 308
1139 308
1140 308
1141 308
1142 308
1143 308
1144 308
1145 308
1146 308
1147 308
1148 308
1149 308
1150 308
1151 308
1152 309
1153 309
1154 309
1155 309
1156 309
1157 309
1158 309
1159 309
1160 309
1161 309
1162 310
1163 310
1164 310
1165 310
1166 310
1167 310
1168 310
1169 310
1170 310
1171 310
1172 310
1173 310
1174 310
1175 310
1176 310
1177 311
1178 311
1179 311
1180 311
1181 311
1182 311
1183 311
1184 312
1185 312
1186 312
1187 312
1188 312
1189 312
1190 312
1191 312
1192 312
1193 313
1194 313
1195 313
1196 313
1197 313
1198 313
1199 313
1200 313
1201 313
1202 314
1203 314
1204 314
1205 314
1206 314
1207 314
1208 314
1209 315
1210 315
1211 315
1212 315
1213 315
1214 316
1215 316
1216 316
1217 316
1218 316
1219 316
1220 316
1221 316
1222 317
1223 317
1224 317
1225 317
1226 317
1227 317
1228 317
1229 317
1230 317
1231 317
1232 317
1233 317
1234 317
1235 317
1236 317
1237 317
1238 318
1239 318
1240 319
1241 319
1242 319
1243 319
1244 319
1245 319
1246 320
1247 320
1248 320
1249 320
1250 320
1251 320
1252 320
1253 320
1254 321
1255 322
1256 322
1257 322
1258 322
1259 322
1260 322
1261 322
1262 322
1263 322
1264 322
1265 322
1266 322
1267 322
1268 322
1269 323
1270 323
1271 323
1272 323
1273 323
1274 323
1275 323
1276 323
1277 323
1278 323
1279 324
1280 324
1281 324
1282 324
1283 324
1284 324
1285 324
1286 324
1287 324
1288 324
1289 324
1290 324
1291 324
1292 324
1293 324
1294 324
1295 324
1296 324
1297 324
1298 324
1299 324
1300 324
1301 324
1302 324
1303 324
1304 324
1305 324
1306 324
1307 324
1308 324
1309 324
1310 324
1311 324
1312 324
1313 324
1314 324
1315 324
1316 324
1317 324
1318 324
1319 324
1320 324
1321 324
1322 324
1323 324
1324 324
1325 324
1326 324
1327 324
1328 324
1329 324
1330 324
1331 324
1332 324
1333 324
1334 324
1335 324
1336 324
1337 324
1338 324
1339 324
1340 324
1341 324
1342 325
1343 325
1344 325
1345 325
1346 325
1347 325
1348 325
1349 325
1350 326
1351 326
1352 326
1353 326
1354 326
1355 326
1356 326
1357 326
1358 326
1359 326
1360 326
1361 326
1362 326
1363 326
1364 326
1365 326
1366 326
1367 326
1368 326
1369 326
1370 326
1371 326
1372 326
1373 326
1374 327
1375 327
1376 327
1377 327
1378 328
1379 329
1380 329
1381 329
1382 329
1383 329
1384 329
1385 329
1386 329
1387 329
1388 329
1389 329
1390 329
1391 329
1392 329
1393 329
1394 329
1395 329
1396 329
1397 330
1398 330
1399 330
1400 330
1401 330
1402 330
1403 330
1404 330
1405 330
1406 330
1407 330
1408 330
1409 330
1410 330
1411 330
1412 330
1413 330
1414 330
1415 330
1416 330
1417 330
1418 330
1419 330
1420 330
1421 330
1422 330
1423 331
1424 331
1425 331
1426 331
1427 331
1428 331
1429 331
1430 331
1431 331
1432 331
1433 331
1434 332
1435 332
1436 332
1437 332
1438 332
1439 332
1440 332
1441 332
1442 332
1443 332
1444 332
1445 332
1446 332
1447 332
1448 333
1449 333
1450 333
1451 333
1452 333
1453 333
1454 333
1455 333
1456 333
1457 333
1458 333
1459 333
1460 333
1461 333
1462 333
1463 333
1464 333
1465 333
1466 333
1467 333
1468 333
1469 333
1470 333
1471 334
1472 335
1473 335
1474 335
1475 335
1476 335
1477 336
1478 336
1479 336
1480 336
1481 336
1482 336
1483 336
1484 336
1485 336
1486 336
1487 336
1488 336
1489 336
1490 336
1491 336
1492 337
1493 337
1494 337
1495 337
1496 337
1497 337
1498 337
1499 337
1500 337
1501 337
1502 337
1503 338
1504 338
1505 338
1506 338
1507 338
1508 338
1509 339
1510 339
1511 339
1512 339
1513 340
1514 340
1515 340
1516 340
1517 340
1518 340
1519 340
1520 341
1521 341
1522 341
1523 341
1524 341
1525 341
1526 341
1527 342
1528 342
1529 343
1530 343
1531 343
1532 343
1533 344
1534 344
1535 344
1536 345
1537 345
1538 345
1539 345
1540 345
1541 345
1542 345
1543 345
1544 345
1545 345
1546 345
1547 345
1548 345
1549 345
1550 345
1551 345
1552 346
1553 347
1554 347
1555 347
1556 347
1557 347
1558 347
1559 347
1560 347
1561 347
1562 347
1563 348
1564 348
1565 348
1566 348
1567 348
1568 348
1569 348
1570 348
1571 348
1572 348
1573 348
1574 348
1575 348
1576 348
1577 348
1578 348
1579 348
1580 348
1581 348
1582 348
1583 348
1584 348
1585 348
1586 348
1587 348
1588 348
1589 348
1590 348
1591 348
1592 348
1593 348
1594 348
1595 348
1596 349
1597 350
1598 350
1599 350
1600 350
1601 351
1602 351
1603 351
1604 351
1605 351
1606 351
1607 351
1608 352
1609 352
1610 352
1611 352
1612 352
1613 353
1614 353
1615 353
1616 353
1617 353
1618 353
1619 353
1620 353
1621 353
1622 353
1623 353
1624 353
1625 353
1626 353
1627 353
1628 353
1629 353
1630 353
1631 353
1632 353
1633 353
1634 353
1635 353
1636 353
1637 353
1638 353
1639 353
1640 353
1641 353
1642 353
1643 353
1644 353
1645 353
1646 353
1647 353
1648 354
1649 354
1650 354
1651 354
1652 354
1653 354
1654 354
1655 354
1656 354
1657 354
1658 354
1659 354
1660 354
1661 354
1662 354
1663 354
1664 354
1665 354
1666 354
1667 355
1668 355
1669 355
1670 355
1671 355
1672 355
1673 355
1674 355
1675 355
1676 356
1677 356
1678 356
1679 356
1680 356
1681 356
1682 356
1683 356
1684 356
1685 356
1686 356
1687 356
1688 356
1689 356
1690 356
1691 356
1692 356
1693 356
1694 356
1695 356
1696 356
1697 356
1698 356
1699 356
1700 356
1701 356
1702 356
1703 356
1704 356
1705 356
1706 356
1707 357
1708 357
1709 357
1710 357
1711 357
1712 357
1713 357
1714 357
1715 357
1716 357
1717 357
1718 357
1719 357
1720 357
1721 357
1722 357
1723 357
1724 357
1725 357
1726 357
1727 357
1728 357
1729 357
1730 357
1731 357
1732 357
1733 357
1734 357
1735 357
1736 357
1737 357
1738 357
1739 358
1740 358
1741 358
1742 358
1743 358
1744 358
1745 358
1746 358
1747 358
1748 358
1749 358
1750 358
1751 358
1752 358
1753 358
1754 358
1755 358
1756 358
1757 358
1758 359
1759 359
1760 359
1761 359
1762 359
1763 360
1764 360
1765 360
1766 360
1767 360
1768 360
1769 360
1770 360
1771 360
1772 360
1773 360
1774 360
1775 360
1776 360
1777 360
1778 360
1779 360
1780 360
1781 360
1782 360
1783 360
1784 360
1785 360
1786 360
1787 360
1788 360
1789 360
1790 360
1791 360
1792 360
1793 360
1794 360
1795 360
1796 360
1797 360
1798 360
1799 360
1800 360
1801 360
1802 360
1803 360
1804 360
1805 360
1806 360
1807 360
1808 360
1809 360
1810 360
1811 360
1812 360
1813 360
1814 360
1815 360
1816 360
1817 360
1818 360
1819 361
1820 361
1821 361
1822 361
1823 361
1824 361
1825 361
1826 361
1827 361
1828 361
1829 361
1830 361
1831 361
1832 361
1833 361
1834 361
1835 361
1836 361
1837 361
1838 361
1839 361
1840 361
1841 361
1842 361
1843 361
1844 361
1845 361
1846 361
1847 361
1848 361
1849 361
1850 361
1851 361
1852 361
1853 361
1854 361
1855 362
1856 362
1857 362
1858 362
1859 362
1860 362
1861 362
1862 362
1863 362
1864 362
1865 362
1866 362
1867 362
1868 362
1869 362
1870 363
1871 363
1872 363
1873 363
1874 363
1875 363
1876 363
1877 364
1878 364
1879 364
1880 364
1881 364
1882 364
1883 364
1884 364
1885 364
1886 364
1887 364
1888 364
1889 364
1890 364
1891 364
1892 364
1893 364
1894 364
1895 364
1896 364
1897 364
1898 364
1899 364
1900 364
1901 364
1902 364
1903 364
1904 364
1905 364
1906 364
1907 364
1908 364
1909 364
1910 364
1911 364
1912 364
1913 364
1914 364
1915 364
1916 364
1917 364
1918 364
1919 364
1920 364
1921 364
1922 364
1923 365
1924 365
1925 365
1926 365
1927 365
1928 365
1929 365
1930 365
1931 365
1932 365
1933 365
1934 365
1935 365
1936 365
1937 365
1938 365
1939 365
1940 365
1941 365
1942 365
1943 365
1944 365
1945 365
1946 365
1947 365
1948 365
1949 365
1950 365
1951 365
1952 366
1953 366
1954 366
1955 366
1956 366
1957 366
1958 366
1959 366
1960 366
1961 366
1962 366
1963 366
1964 366
1965 366
1966 366
1967 367
1968 367
1969 367
1970 367
1971 367
1972 367
1973 367
1974 367
1975 367
1976 367
1977 367
1978 367
1979 367
1980 367
1981 367
1982 367
1983 367
1984 367
1985 367
1986 367
1987 367
1988 367
1989 367
1990 367
1991 367
1992 367
1993 367
1994 367
1995 367
1996 367
1997 367
1998 367
1999 367
2000 367
2001 367
2002 367
2003 367
2004 367
2005 367
2006 367
2007 367
2008 367
2009 367
2010 367
2011 367
2012 367
2013 367
2014 367
2015 368
2016 368
2017 368
2018 368
2019 368
2020 368
2021 368
2022 368
2023 368
2024 368
2025 368
2026 368
2027 368
2028 368
2029 368
2030 368
2031 368
2032 368
2033 368
2034 368
2035 368
2036 368
2037 368
2038 368
2039 368
2040 369
2041 369
2042 369
2043 369
2044 369
2045 369
2046 369
2047 369
2048 369
2049 369
2050 369
2051 369
2052 369
2053 370
2054 370
2055 370
2056 370
2057 370
2058 370
2059 370
2060 370
2061 370
2062 370
2063 370
2064 370
2065 370
2066 370
2067 370
2068 370
2069 370
2070 370
2071 370
2072 370
2073 370
2074 370
2075 370
2076 370
2077 370
2078 370
2079 370
2080 370
2081 370
2082 370
2083 370
2084 370
2085 370
2086 370
2087 370
2088 370
2089 370
2090 370
2091 370
2092 370
2093 370
2094 370
2095 370
2096 370
2097 370
2098 370
2099 370
2100 370
2101 370
2102 370
2103 370
2104 370
2105 370
2106 370
2107 370
2108 370
2109 370
2110 370
2111 370
2112 370
2113 370
2114 370
2115 370
2116 370
2117 370
2118 370
2119 370
2120 370
2121 370
2122 370
2123 370
2124 370
2125 370
2126 370
2127 370
2128 370
2129 370
2130 370
2131 370
2132 370
2133 370
2134 370
2135 370
2136 370
2137 371
2138 371
2139 371
2140 371
2141 371
2142 371
2143 371
2144 371
2145 371
2146 371
2147 371
2148 371
2149 371
2150 371
2151 371
2152 371
2153 371
2154 371
2155 371
2156 371
2157 371
2158 371
2159 371
2160 371
2161 371
2162 371
2163 371
2164 371
2165 371
2166 371
2167 371
2168 371
2169 372
2170 372
2171 372
2172 372
2173 372
2174 372
2175 372
2176 372
2177 372
2178 372
2179 372
2180 372
2181 372
2182 372
2183 372
2184 372
2185 372
2186 372
2187 372
2188 372
2189 372
2190 372
2191 372
2192 372
2193 372
2194 372
2195 372
2196 372
2197 372
2198 372
2199 372
2200 372
2201 372
2202 373
2203 373
2204 373
2205 373
2206 373
2207 373
2208 373
2209 373
2210 373
2211 373
2212 373
2213 373
2214 373
2215 373
2216 373
2217 373
2218 373
2219 373
2220 373
2221 373
2222 373
2223 373
2224 373
2225 373
2226 373
2227 373
2228 373
2229 373
2230 373
2231 373
2232 373
2233 373
2234 373
2235 373
2236 373
2237 373
2238 373
2239 374
2240 374
2241 374
2242 374
2243 374
2244 374
2245 374
2246 374
2247 374
2248 374
2249 374
2250 374
2251 374
2252 374
2253 374
2254 374
2255 374
2256 374
2257 374
2258 374
2259 374
2260 374
2261 374
2262 374
2263 374
2264 374
2265 374
2266 374
2267 374
2268 374
2269 374
2270 374
2271 374
2272 374
2273 374
2274 374
2275 374
2276 374
2277 374
2278 374
2279 374
2280 374
2281 374
2282 374
2283 374
2284 374
2285 374
2286 374
2287 374
2288 374
2289 374
2290 374
2291 374
2292 374
2293 374
2294 375
2295 375
2296 375
2297 375
2298 375
2299 375
2300 375
2301 375
2302 375
2303 375
2304 375
2305 376
2306 376
2307 376
2308 376
2309 376
2310 376
2311 376
2312 377
2313 377
2314 377
2315 377
2316 377
2317 377
2318 377
2319 377
2320 377
2321 377
2322 377
2323 377
2324 377
2325 377
2326 377
2327 377
2328 377
2329 377
2330 377
2331 377
2332 377
2333 377
2334 377
2335 377
2336 377
2337 377
2338 377
2339 377
2340 377
2341 377
2342 377
2343 377
2344 377
2345 377
2346 377
2347 378
2348 378
2349 378
2350 378
2351 378
2352 378
2353 378
2354 378
2355 378
2356 378
2357 378
2358 378
2359 378
2360 379
2361 379
2362 380
2363 380
2364 380
2365 380
2366 380
2367 380
2368 380
2369 380
2370 380
2371 380
2372 380
2373 380
2374 380
2375 380
2376 380
2377 380
2378 380
2379 380
2380 380
2381 380
2382 380
2383 380
2384 380
2385 380
2386 380
2387 380
2388 380
2389 380
2390 380
2391 380
2392 380
2393 380
2394 380
2395 380
2396 380
2397 380
2398 380
2399 380
2400 380
2401 380
2402 380
2403 380
2404 380
2405 380
2406 380
2407 380
2408 380
2409 380
2410 380
2411 380
2412 380
2413 380
2414 380
2415 380
2416 380
2417 380
2418 380
2419 380
2420 380
2421 380
2422 380
2423 380
2424 380
2425 380
2426 380
2427 380
2428 380
2429 380
2430 380
2431 380
2432 380
2433 380
2434 380
2435 380
2436 380
2437 380
2438 380
2439 380
2440 380
2441 380
2442 380
2443 380
2444 380
2445 380
2446 380
2447 380
2448 380
2449 380
2450 380
2451 380
2452 380
2453 380
2454 380
2455 380
2456 380
2457 380
2458 380
2459 380
2460 380
2461 380
2462 380
2463 380
2464 380
2465 380
2466 380
2467 380
2468 380
2469 380
2470 380
2471 380
2472 380
2473 380
2474 380
2475 380
2476 380
2477 380
2478 380
2479 380
2480 380
2481 380
2482 380
2483 380
2484 380
2485 380
2486 380
2487 380
2488 380
2489 380
2490 380
2491 380
2492 380
2493 380
2494 380
2495 380
2496 380
2497 380
2498 380
2499 380
2500 380
2501 380
2502 380
2503 380
2504 380
2505 380
2506 380
2507 380
2508 380
2509 380
2510 380
2511 380
2512 380
2513 380
2514 380
2515 380
2516 380
2517 380
2518 380
2519 380
2520 380
2521 380
2522 380
2523 380
2524 380
2525 380
2526 380
2527 380
2528 380
2529 380
2530 380
2531 380
2532 380
2533 380
2534 380
2535 380
2536 380
2537 381
2538 381
2539 381
2540 381
2541 382
2542 382
2543 382
2544 382
2545 382
2546 382
2547 382
2548 382
2549 382
2550 382
2551 382
2552 382
2553 382
2554 382
2555 382
2556 382
2557 382
2558 382
2559 382
2560 382
2561 382
2562 382
2563 382
2564 382
2565 382
2566 382
2567 382
2568 382
2569 382
2570 382
2571 382
2572 382
2573 382
2574 382
2575 382
2576 382
2577 382
2578 382
2579 382
2580 383
2581 383
2582 383
2583 383
2584 383
2585 383
2586 383
2587 383
2588 383
2589 383
2590 384
2591 384
2592 384
2593 385
2594 385
2595 385
2596 385
2597 385
2598 385
2599 385
2600 385
2601 385
2602 385
2603 385
2604 385
2605 385
2606 385
2607 385
2608 385
2609 385
2610 385
2611 385
2612 385
2613 385
2614 385
2615 385
2616 385
2617 385
2618 385
2619 385
2620 385
2621 385
2622 385
2623 385
2624 385
2625 385
2626 385
2627 385
2628 385
2629 385
2630 385
2631 385
2632 385
2633 385
2634 385
2635 385
2636 385
2637 385
2638 385
2639 385
2640 385
2641 385
2642 385
2643 385
2644 385
2645 385
2646 385
2647 385
2648 385
2649 385
2650 385
2651 385
2652 385
2653 385
2654 385
2655 385
2656 385
2657 385
2658 385
2659 385
2660 385
2661 385
2662 385
2663 385
2664 385
2665 385
2666 385
2667 385
2668 385
2669 385
2670 385
2671 385
2672 385
2673 385
2674 385
2675 385
2676 385
2677 385
2678 385
2679 385
2680 385
2681 385
2682 385
2683 385
2684 385
2685 385
2686 385
2687 385
2688 385
2689 385
2690 385
2691 385
2692 385
2693 385
2694 385
2695 385
2696 385
2697 385
2698 385
2699 386
2700 386
2701 386
2702 386
2703 386
2704 386
2705 386
2706 386
2707 386
2708 386
2709 386
2710 387
2711 387
2712 387
2713 387
2714 387
2715 387
2716 387
2717 387
2718 387
2719 387
2720 387
2721 387
2722 387
2723 387
2724 387
2725 387
2726 387
2727 387
2728 387
2729 387
2730 387
2731 387
2732 387
2733 387
2734 387
2735 387
2736 387
2737 387
2738 387
2739 387
2740 387
2741 387
2742 387
2743 387
2744 387
2745 387
2746 387
2747 387
2748 387
2749 387
2750 387
2751 387
2752 387
2753 387
2754 387
2755 387
2756 387
2757 387
2758 387
2759 387
2760 387
2761 387
2762 387
2763 387
2764 387
2765 387
2766 387
2767 387
2768 387
2769 387
2770 388
2771 388
2772 388
2773 388
2774 388
2775 388
2776 388
2777 388
2778 388
2779 388
2780 388
2781 388
2782 388
2783 388
2784 388
2785 388
2786 389
2787 389
2788 389
2789 389
2790 389
2791 389
2792 389
2793 389
2794 389
2795 389
2796 389
2797 389
2798 389
2799 389
2800 389
2801 389
2802 389
2803 389
2804 389
2805 389
2806 389
2807 389
2808 389
2809 389
2810 389
2811 389
2812 389
2813 390
2814 390
2815 390
2816 390
2817 390
2818 390
2819 390
2820 390
2821 390
2822 390
2823 390
2824 391
2825 391
2826 391
2827 391
2828 391
2829 391
2830 391
2831 391
2832 391
2833 391
2834 391
2835 391
2836 391
2837 391
2838 391
2839 391
2840 391
2841 391
2842 391
2843 391
2844 391
2845 391
2846 391
2847 392
2848 392
2849 392
2850 392
2851 392
2852 392
2853 392
2854 392
2855 392
2856 392
2857 392
2858 392
2859 392
2860 392
2861 392
2862 392
2863 392
2864 392
2865 392
2866 392
2867 392
2868 392
2869 392
2870 392
2871 392
2872 392
2873 392
2874 392
2875 392
2876 392
2877 392
2878 392
2879 392
2880 392
2881 393
2882 393
2883 393
2884 393
2885 393
2886 393
2887 393
2888 393
2889 393
2890 394
2891 394
2892 394
2893 394
2894 394
2895 394
2896 394
2897 394
2898 394
2899 394
2900 394
2901 394
2902 394
2903 394
2904 394
2905 394
2906 394
2907 394
2908 394
2909 394
2910 394
2911 394
2912 394
2913 394
2914 394
2915 394
2916 394
2917 394
2918 394
2919 394
2920 394
2921 394
2922 394
2923 394
2924 394
2925 394
2926 394
2927 394
2928 394
2929 394
2930 394
2931 394
2932 394
2933 394
2934 394
2935 394
2936 394
2937 394
2938 394
2939 394
2940 394
2941 394
2942 394
2943 394
2944 394
2945 394
2946 394
2947 394
2948 394
2949 394
2950 394
2951 394
2952 394
2953 394
2954 394
2955 394
2956 394
2957 394
2958 394
2959 394
2960 394
2961 394
2962 394
2963 394
2964 394
2965 394
2966 394
2967 394
2968 394
2969 394
2970 394
2971 394
2972 394
2973 394
2974 394
2975 394
2976 394
2977 394
2978 394
2979 394
2980 394
2981 394
2982 394
2983 394
2984 394
2985 394
2986 394
2987 394
2988 394
2989 394
2990 394
2991 394
2992 394
2993 394
2994 394
2995 394
2996 394
2997 394
2998 394
2999 394
3000 394
3001 394
3002 394
3003 394
3004 394
3005 394
3006 394
3007 394
3008 394
3009 394
3010 394
3011 394
3012 394
3013 394
3014 394
3015 394
3016 394
3017 394
3018 394
3019 394
3020 394
3021 394
3022 394
3023 394
3024 394
3025 394
3026 394
3027 394
3028 394
3029 394
3030 394
3031 394
3032 394
3033 394
3034 394
3035 394
3036 394
3037 394
3038 394
3039 394
3040 394
3041 394
3042 394
3043 394
3044 394
3045 394
3046 394
3047 394
3048 394
3049 394
3050 394
3051 394
3052 394
3053 395
3054 395
3055 395
3056 395
3057 395
3058 395
3059 395
3060 395
3061 395
3062 395
3063 395
3064 395
3065 395
3066 395
3067 395
3068 395
3069 395
3070 395
3071 395
3072 395
3073 395
3074 395
3075 395
3076 395
3077 395
3078 395
3079 395
3080 395
3081 395
3082 395
3083 395
3084 395
3085 395
3086 395
3087 395
3088 395
3089 395
3090 395
3091 395
3092 395
3093 395
3094 395
3095 395
3096 395
3097 395
3098 395
3099 395
3100 395
3101 395
3102 395
3103 395
3104 395
3105 395
3106 395
3107 395
3108 395
3109 395
3110 395
3111 395
3112 395
3113 395
3114 395
3115 395
3116 395
3117 395
3118 395
3119 395
3120 395
3121 395
3122 395
3123 395
3124 395
3125 395
3126 395
3127 395
3128 395
3129 395
3130 395
3131 395
3132 395
3133 395
3134 395
3135 395
3136 395
3137 395
3138 395
3139 395
3140 395
3141 395
3142 395
3143 395
3144 395
3145 395
3146 395
3147 395
3148 395
3149 395
3150 395
3151 395
3152 395
3153 395
3154 395
3155 395
3156 395
3157 395
3158 395
3159 395
3160 395
3161 395
3162 395
3163 395
3164 395
3165 395
3166 395
3167 395
3168 395
3169 395
3170 395
3171 395
3172 395
3173 395
3174 395
3175 395
3176 395
3177 395
3178 395
3179 395
3180 395
3181 395
3182 395
3183 395
3184 395
3185 395
3186 395
3187 395
3188 396
3189 396
3190 396
3191 396
3192 396
3193 396
3194 396
3195 396
3196 396
3197 396
3198 396
3199 396
3200 396
3201 396
3202 396
3203 396
3204 396
3205 396
3206 396
3207 396
3208 396
3209 396
3210 396
3211 396
3212 396
3213 396
3214 396
3215 396
3216 396
3217 396
3218 396
3219 396
3220 396
3221 396
3222 396
3223 396
3224 396
3225 396
3226 396
3227 396
3228 396
3229 396
3230 396
3231 396
3232 396
3233 396
3234 396
3235 396
3236 396
3237 396
3238 396
3239 396
3240 396
3241 396
3242 396
3243 396
3244 396
3245 396
3246 396
3247 396
3248 396
3249 396
3250 396
3251 396
3252 396
3253 396
3254 396
3255 396
3256 396
3257 396
3258 396
3259 396
3260 396
3261 396
3262 396
3263 396
3264 396
3265 396
3266 396
3267 396
3268 396
3269 396
3270 396
3271 396
3272 396
3273 396
3274 396
3275 396
3276 396
3277 396
3278 396
3279 396
3280 396
3281 396
3282 396
3283 396
3284 396
3285 396
3286 396
3287 396
3288 396
3289 396
3290 396
3291 396
3292 396
3293 396
3294 396
3295 396
3296 396
3297 396
3298 396
3299 396
3300 396
3301 396
3302 396
3303 396
3304 396
3305 396
3306 396
3307 396
3308 396
3309 396
3310 396
3311 396
3312 396
3313 396
3314 396
3315 396
3316 396
3317 396
3318 396
3319 396
3320 396
3321 396
3322 396
3323 396
3324 396
3325 396
3326 396
3327 396
3328 396
3329 396
3330 396
3331 396
3332 396
3333 396
3334 396
3335 396
3336 396
3337 396
3338 396
3339 396
3340 396
3341 396
3342 396
3343 396
3344 396
3345 396
3346 396
3347 396
3348 396
3349 396
3350 396
3351 396
3352 396
3353 396
3354 396
3355 396
3356 396
3357 396
3358 396
3359 396
3360 396
3361 396
3362 396
3363 396
3364 396
3365 396
3366 396
3367 396
3368 396
3369 396
3370 396
3371 396
3372 396
3373 396
3374 396
3375 396
3376 396
3377 396
3378 396
3379 396
3380 396
3381 396
3382 396
3383 396
3384 396
3385 396
3386 396
3387 396
3388 396
3389 396
3390 396
3391 396
3392 396
3393 396
3394 396
3395 396
3396 396
3397 396
3398 396
3399 396
3400 396
3401 396
3402 396
3403 396
3404 397
3405 397
3406 397
3407 397
3408 397
3409 397
3410 397
3411 397
3412 397
3413 397
3414 397
3415 397
3416 397
3417 397
3418 397
3419 397
3420 397
3421 397
3422 397
3423 397
3424 397
3425 397
3426 397
3427 397
3428 397
3429 397
3430 397
3431 397
3432 397
3433 397
3434 397
3435 397
3436 397
3437 397
3438 397
3439 397
3440 397
3441 397
3442 397
3443 397
3444 397
3445 397
3446 397
3447 397
3448 397
3449 397
3450 397
3451 397
3452 397
3453 397
3454 397
3455 397
3456 397
3457 397
3458 397
3459 397
3460 397
3461 397
3462 397
3463 397
3464 397
3465 397
3466 397
3467 397
3468 397
3469 397
3470 397
3471 397
3472 397
3473 397
3474 397
3475 397
3476 397
3477 397
3478 397
3479 397
3480 397
3481 397
3482 397
3483 397
3484 397
3485 397
3486 397
3487 397
3488 397
3489 397
3490 397
3491 397
3492 397
3493 397
3494 397
3495 397
3496 397
3497 397
3498 397
3499 397
3500 397
3501 397
3502 397
3503 397
3504 397
3505 397
3506 397
3507 397
3508 397
3509 397
3510 397
3511 397
3512 397
3513 397
3514 397
3515 397
3516 397
3517 397
3518 397
3519 397
3520 397
3521 397
3522 397
3523 397
3524 397
3525 397
3526 397
3527 397
3528 397
3529 397
3530 397
3531 397
3532 397
3533 397
3534 397
3535 397
3536 397
3537 397
3538 397
3539 397
3540 397
3541 397
3542 397
3543 397
3544 397
3545 397
3546 397
3547 397
3548 397
3549 397
3550 397
3551 397
3552 397
3553 397
3554 397
3555 397
3556 397
3557 397
3558 397
3559 397
3560 397
3561 397
3562 397
3563 397
3564 397
3565 397
3566 397
3567 397
3568 397
3569 397
3570 397
3571 397
3572 397
3573 397
3574 397
3575 397
3576 397
3577 397
3578 397
3579 397
3580 397
3581 397
3582 397
3583 397
3584 397
3585 397
3586 397
3587 397
3588 397
3589 397
3590 397
3591 397
3592 397
3593 397
3594 397
3595 397
3596 397
3597 397
3598 397
3599 397
3600 397
3601 397
3602 397
3603 397
3604 397
3605 397
3606 397
3607 397
3608 397
3609 397
3610 397
3611 397
3612 397
3613 397
3614 397
3615 397
3616 397
3617 397
3618 397
3619 397
3620 397
3621 397
3622 397
3623 397
3624 397
3625 397
3626 397
3627 397
3628 397
3629 397
3630 397
3631 397
3632 397
3633 397
3634 397
3635 397
3636 397
3637 397
3638 397
3639 397
3640 397
3641 397
3642 397
3643 397
3644 397
3645 397
3646 397
3647 397
3648 397
3649 397
3650 397
3651 397
3652 397
3653 397
3654 397
3655 397
3656 397
3657 397
3658 397
3659 397
3660 397
3661 397
3662 397
3663 397
3664 397
3665 397
3666 397
3667 397
3668 397
3669 397
3670 397
3671 397
3672 397
3673 397
3674 397
3675 397
3676 397
3677 397
3678 398
3679 398
3680 398
3681 398
3682 398
3683 398
3684 398
3685 398
3686 398
3687 398
3688 398
3689 398
3690 398
3691 398
3692 398
3693 398
3694 398
3695 398
3696 398
3697 398
3698 398
3699 398
3700 398
3701 398
3702 398
3703 398
3704 398
3705 398
3706 398
3707 398
3708 398
3709 398
3710 398
3711 398
3712 398
3713 398
3714 398
3715 398
3716 398
3717 398
3718 398
3719 398
3720 398
3721 398
3722 398
3723 398
3724 398
3725 398
3726 398
3727 398
3728 398
3729 398
3730 398
3731 398
3732 398
3733 398
3734 398
3735 398
3736 398
3737 398
3738 398
3739 398
3740 398
3741 398
3742 398
3743 398
3744 398
3745 398
3746 398
3747 398
3748 398
3749 398
3750 398
3751 398
3752 398
3753 398
3754 398
3755 398
3756 398
3757 398
3758 398
3759 398
3760 399
3761 399
3762 399
3763 399
3764 399
3765 399
3766 399
3767 399
3768 399
3769 399
3770 399
3771 399
3772 399
3773 399
3774 399
3775 399
3776 399
3777 399
3778 399
3779 399
3780 399
3781 399
3782 399
3783 399
3784 399
3785 399
3786 399
3787 399
3788 399
3789 399
3790 399
3791 399
3792 399
3793 399
3794 399
3795 399
3796 399
3797 399
3798 399
3799 399
3800 399
3801 399
3802 399
3803 399
3804 399
3805 399
3806 399
3807 399
3808 399
3809 399
3810 399
3811 399
3812 399
3813 399
3814 399
3815 399
3816 399
3817 399
3818 399
3819 399
3820 399
3821 399
3822 399
3823 399
3824 399
3825 399
3826 399
3827 399
3828 399
3829 399
3830 399
3831 399
3832 399
3833 399
3834 399
3835 399
3836 399
3837 399
3838 399
3839 399
3840 399
3841 399
3842 399
3843 399
3844 399
3845 399
3846 399
3847 399
3848 399
3849 399
3850 399
3851 399
3852 399
3853 399
3854 399
3855 399
3856 399
3857 399
3858 399
3859 399
3860 399
3861 399
3862 399
3863 399
3864 399
3865 399
3866 399
3867 399
3868 399
3869 399
3870 399
3871 399
3872 399
3873 399
3874 399
3875 399
3876 399
3877 399
3878 399
3879 399
3880 399
3881 399
3882 399
3883 399
3884 399
3885 399
3886 399
3887 399
3888 399
3889 399
3890 399
3891 399
3892 400
