0 1
1 2
2 3
3 4
4 5
5 6
6 7
7 8
8 9
9 10
10 11
11 12
12 13
13 14
14 15
15 16
16 17
17 18
18 19
19 20
20 21
21 22
22 23
23 24
24 25
25 26
26 27
27 28
28 29
29 30
30 31
31 31
32 32
33 33
34 34
35 35
36 36
37 37
38 38
39 39
40 39
41 40
42 41
43 42
44 43
45 44
46 45
47 46
48 47
49 48
50 49
51 50
52 51
53 52
54 53
55 54
56 55
57 56
58 57
59 58
60 59
61 60
62 61
63 62
64 63
65 63
66 64
67 64
68 65
69 66
70 67
71 68
72 69
73 70
74 71
75 72
76 73
77 74
78 75
79 75
80 75
81 76
82 77
83 78
84 79
85 80
86 81
87 82
88 83
89 83
90 83
91 84
92 85
93 86
94 87
95 88
96 89
97 89
98 90
99 91
100 91
101 92
102 93
103 94
104 95
105 95
106 95
107 96
108 96
109 96
110 97
111 98
112 99
113 100
114 100
115 100
116 100
117 101
118 102
119 103
120 103
121 104
122 105
123 106
124 107
125 108
126 109
127 109
128 109
129 110
130 111
131 112
132 113
133 114
134 115
135 116
136 117
137 117
138 118
139 118
140 119
141 120
142 120
143 121
144 121
145 122
146 123
147 124
148 125
149 126
150 127
151 127
152 128
153 128
154 128
155 129
156 129
157 130
158 130
159 131
160 132
161 132
162 133
163 133
164 134
165 135
166 135
167 135
168 136
169 136
170 136
171 136
172 137
173 138
174 139
175 139
176 140
177 141
178 142
179 143
180 144
181 145
182 146
183 147
184 148
185 148
186 148
187 149
188 150
189 151
190 152
191 152
192 152
193 153
194 153
195 153
196 153
197 154
198 154
199 154
200 155
201 156
202 157
203 158
204 158
205 158
206 159
207 159
208 160
209 161
210 161
211 162
212 162
213 163
214 164
215 165
216 166
217 167
218 167
219 168
220 169
221 170
222 171
223 172
224 173
225 173
226 173
227 174
228 175
229 176
230 176
231 176
232 177
233 177
234 177
235 178
236 179
237 180
238 181
239 181
240 181
241 182
242 183
243 184
244 185
245 186
246 187
247 188
248 188
249 188
250 188
251 189
252 190
253 190
254 190
255 190
256 191
257 192
258 192
259 192
260 192
261 192
262 192
263 193
264 194
265 194
266 195
267 195
268 195
269 196
270 197
271 198
272 198
273 199
274 200
275 200
276 200
277 201
278 202
279 202
280 202
281 202
282 202
283 203
284 204
285 205
286 206
287 207
288 208
289 209
290 210
291 211
292 211
293 212
294 213
295 213
296 214
297 214
298 214
299 214
300 215
301 215
302 216
303 216
304 216
305 217
306 218
307 218
308 218
309 219
310 220
311 220
312 220
313 220
314 221
315 222
316 223
317 224
318 225
319 226
320 226
321 226
322 226
323 226
324 227
325 227
326 228
327 228
328 229
329 230
330 230
331 230
332 231
333 231
334 232
335 233
336 233
337 234
338 235
339 235
340 235
341 236
342 236
343 237
344 237
345 237
346 238
347 239
348 239
349 240
350 240
351 240
352 240
353 240
354 241
355 241
356 242
357 243
358 243
359 243
360 244
361 244
362 244
363 244
364 245
365 245
366 245
367 246
368 246
369 246
370 246
371 246
372 246
373 247
374 247
375 248
376 249
377 250
378 250
379 250
380 251
381 252
382 253
383 253
384 253
385 254
386 255
387 255
388 256
389 256
390 257
391 257
392 258
393 258
394 258
395 258
396 258
397 258
398 259
399 259
400 259
401 259
402 259
403 259
404 259
405 259
406 259
407 260
408 261
409 262
410 262
411 262
412 262
413 262
414 262
415 262
416 263
417 263
418 264
419 264
420 265
421 265
422 265
423 265
424 266
425 267
426 268
427 268
428 269
429 269
430 269
431 269
432 270
433 271
434 271
435 271
436 272
437 273
438 273
439 273
440 274
441 274
442 274
443 275
444 275
445 275
446 275
447 276
448 276
449 276
450 276
451 276
452 276
453 276
454 276
455 277
456 277
457 278
458 278
459 278
460 279
461 279
462 279
463 280
464 280
465 280
466 280
467 280
468 280
469 280
470 280
471 280
472 281
473 281
474 281
475 282
476 282
477 282
478 282
479 282
480 282
481 282
482 282
483 282
484 282
485 283
486 283
487 284
488 284
489 284
490 285
491 285
492 285
493 286
494 286
495 287
496 288
497 289
498 289
499 290
500 291
501 291
502 292
503 292
504 292
505 292
506 292
507 293
508 293
509 293
510 294
511 294
512 294
513 295
514 295
515 295
516 295
517 295
518 295
519 296
520 296
521 297
522 298
523 298
524 298
525 298
526 298
527 298
528 299
529 299
530 299
531 299
532 299
533 299
534 300
535 301
536 301
537 301
538 301
539 302
540 302
541 302
542 302
543 303
544 303
545 303
546 303
547 303
548 303
549 303
550 303
551 304
552 304
553 305
554 305
555 306
556 306
557 307
558 307
559 307
560 307
561 307
562 307
563 307
564 307
565 308
566 308
567 308
568 308
569 308
570 308
571 308
572 309
573 309
574 309
575 309
576 309
577 310
578 310
579 310
580 310
581 310
582 310
583 310
584 310
585 310
586 310
587 310
588 310
589 310
590 310
591 311
592 311
593 312
594 312
595 312
596 312
597 313
598 313
599 314
600 314
601 314
602 314
603 315
604 315
605 315
606 316
607 316
608 316
609 316
610 316
611 316
612 316
613 316
614 316
615 317
616 317
617 317
618 318
619 319
620 319
621 320
622 320
623 320
624 320
625 320
626 320
627 320
628 320
629 320
630 320
631 320
632 320
633 320
634 320
635 320
636 320
637 320
638 321
639 321
640 321
641 321
642 321
643 321
644 321
645 322
646 322
647 323
648 323
649 323
650 323
651 323
652 324
653 324
654 324
655 325
656 326
657 327
658 327
659 327
660 328
661 328
662 328
663 328
664 329
665 329
666 329
667 329
668 329
669 329
670 329
671 330
672 331
673 331
674 331
675 331
676 331
677 331
678 331
679 331
680 331
681 331
682 331
683 332
684 332
685 332
686 332
687 332
688 332
689 332
690 332
691 333
692 333
693 333
694 334
695 334
696 334
697 334
698 334
699 334
700 334
701 334
702 334
703 334
704 334
705 335
706 335
707 335
708 336
709 336
710 337
711 337
712 337
713 337
714 337
715 337
716 337
717 338
718 338
719 339
720 339
721 340
722 340
723 340
724 340
725 340
726 340
727 340
728 340
729 340
730 340
731 340
732 340
733 340
734 340
735 340
736 340
737 340
738 340
739 340
740 340
741 341
742 341
743 342
744 343
745 343
746 343
747 343
748 343
749 343
750 343
751 343
752 343
753 343
754 343
755 343
756 343
757 343
758 343
759 343
760 343
761 343
762 343
763 344
764 344
765 344
766 344
767 344
768 344
769 344
770 344
771 344
772 344
773 345
774 345
775 346
776 347
777 347
778 348
779 349
780 349
781 349
782 349
783 349
784 349
785 349
786 350
787 351
788 352
789 352
790 352
791 352
792 352
793 352
794 353
795 353
796 353
797 353
798 353
799 353
800 353
801 353
802 353
803 353
804 354
805 354
806 354
807 354
808 354
809 354
810 354
811 354
812 355
813 356
814 357
815 357
816 357
817 357
818 357
819 357
820 357
821 357
822 357
823 357
824 357
825 357
826 357
827 357
828 357
829 357
830 357
831 357
832 357
833 357
834 357
835 357
836 357
837 357
838 357
839 357
840 357
841 357
842 357
843 357
844 357
845 357
846 357
847 357
848 357
849 357
850 357
851 357
852 357
853 357
854 357
855 357
856 357
857 357
858 357
859 357
860 357
861 357
862 357
863 357
864 358
865 358
866 358
867 358
868 358
869 358
870 358
871 358
872 358
873 358
874 358
875 359
876 359
877 359
878 359
879 359
880 359
881 359
882 359
883 359
884 359
885 359
886 359
887 359
888 359
889 359
890 359
891 359
892 359
893 360
894 360
895 361
896 361
897 361
898 361
899 361
900 361
901 361
902 362
903 362
904 362
905 362
906 362
907 362
908 362
909 362
910 362
911 362
912 363
913 363
914 364
915 364
916 364
917 365
918 365
919 365
920 365
921 365
922 365
923 365
924 365
925 365
926 365
927 365
928 366
929 366
930 366
931 366
932 366
933 366
934 366
935 366
936 366
937 366
938 366
939 367
940 367
941 368
942 368
943 368
944 368
945 368
946 368
947 368
948 368
949 368
950 368
951 368
952 368
953 368
954 368
955 368
956 368
957 368
958 368
959 368
960 368
961 368
962 368
963 368
964 368
965 368
966 368
967 368
968 368
969 368
970 368
971 368
972 368
973 369
974 369
975 369
976 369
977 369
978 369
979 369
980 369
981 369
982 369
983 369
984 369
985 369
986 369
987 369
988 370
989 370
990 370
991 370
992 370
993 370
994 370
995 370
996 370
997 370
998 370
999 370
1000 370
1001 370
1002 370
1003 370
1004 370
1005 370
1006 370
1007 370
1008 370
1009 370
1010 370
1011 370
1012 371
1013 371
1014 371
1015 371
1016 371
1017 371
1018 371
1019 371
1020 371
1021 371
1022 371
1023 371
1024 371
1025 371
1026 371
1027 371
1028 371
1029 371
1030 371
1031 371
1032 371
1033 371
1034 371
1035 371
1036 371
1037 371
1038 371
1039 372
1040 372
1041 372
1042 372
1043 372
1044 372
1045 372
1046 372
1047 372
1048 372
1049 372
1050 372
1051 372
1052 372
1053 372
1054 372
1055 372
1056 372
1057 372
1058 372
1059 372
1060 372
1061 372
1062 372
1063 372
1064 372
1065 372
1066 372
1067 372
1068 372
1069 372
1070 373
1071 373
1072 373
1073 373
1074 373
1075 374
1076 374
1077 374
1078 374
1079 374
1080 374
1081 374
1082 374
1083 374
1084 374
1085 374
1086 374
1087 374
1088 374
1089 374
1090 375
1091 375
1092 375
1093 375
1094 375
1095 375
1096 375
1097 375
1098 375
1099 375
1100 375
1101 375
1102 375
1103 375
1104 375
1105 375
1106 375
1107 375
1108 375
1109 375
1110 375
1111 375
1112 375
1113 375
1114 375
1115 376
1116 377
1117 377
1118 377
1119 377
1120 377
1121 377
1122 377
1123 377
1124 377
1125 377
1126 377
1127 377
1128 377
1129 377
1130 377
1131 377
1132 377
1133 377
1134 377
1135 377
1136 377
1137 377
1138 377
1139 377
1140 377
1141 377
1142 377
1143 377
1144 377
1145 377
1146 377
1147 377
1148 377
1149 377
1150 377
1151 377
1152 377
1153 377
1154 377
1155 377
1156 377
1157 377
1158 377
1159 377
1160 377
1161 377
1162 377
1163 377
1164 377
1165 377
1166 377
1167 377
1168 377
1169 377
1170 377
1171 377
1172 377
1173 377
1174 378
1175 378
1176 378
1177 378
1178 378
1179 378
1180 378
1181 378
1182 378
1183 378
1184 378
1185 378
1186 378
1187 378
1188 379
1189 379
1190 379
1191 379
1192 379
1193 380
1194 380
1195 380
1196 380
1197 380
1198 380
1199 380
1200 380
1201 380
1202 380
1203 380
1204 381
1205 381
1206 381
1207 381
1208 381
1209 381
1210 381
1211 381
1212 381
1213 381
1214 381
1215 381
1216 381
1217 381
1218 381
1219 381
1220 381
1221 381
1222 382
1223 382
1224 382
1225 382
1226 382
1227 382
1228 382
1229 382
1230 382
1231 382
1232 382
1233 382
1234 382
1235 382
1236 382
1237 382
1238 382
1239 382
1240 382
1241 382
1242 383
1243 383
1244 383
1245 383
1246 383
1247 384
1248 384
1249 384
1250 384
1251 384
1252 384
1253 384
1254 384
1255 384
1256 384
1257 384
1258 384
1259 384
1260 384
1261 384
1262 385
1263 385
1264 386
1265 386
1266 386
1267 386
1268 386
1269 386
1270 386
1271 386
1272 386
1273 386
1274 386
1275 386
1276 386
1277 386
1278 386
1279 386
1280 386
1281 386
1282 386
1283 386
1284 386
1285 386
1286 386
1287 386
1288 386
1289 386
1290 386
1291 386
1292 386
1293 386
1294 386
1295 386
1296 387
1297 387
1298 387
1299 387
1300 387
1301 387
1302 387
1303 387
1304 387
1305 387
1306 387
1307 387
1308 387
1309 387
1310 387
1311 387
1312 387
1313 387
1314 387
1315 387
1316 387
1317 387
1318 387
1319 387
1320 387
1321 387
1322 387
1323 387
1324 387
1325 387
1326 387
1327 387
1328 387
1329 387
1330 387
1331 387
1332 387
1333 387
1334 387
1335 387
1336 387
1337 387
1338 387
1339 387
1340 387
1341 387
1342 387
1343 387
1344 387
1345 387
1346 387
1347 387
1348 387
1349 387
1350 387
1351 387
1352 387
1353 387
1354 387
1355 387
1356 387
1357 387
1358 388
1359 388
1360 388
1361 388
1362 388
1363 388
1364 388
1365 388
1366 388
1367 388
1368 388
1369 388
1370 388
1371 388
1372 388
1373 388
1374 388
1375 388
1376 388
1377 388
1378 388
1379 388
1380 388
1381 388
1382 388
1383 388
1384 389
1385 389
1386 389
1387 389
1388 389
1389 389
1390 389
1391 389
1392 389
1393 389
1394 389
1395 389
1396 389
1397 389
1398 389
1399 389
1400 389
1401 389
1402 389
1403 389
1404 389
1405 389
1406 389
1407 389
1408 389
1409 390
1410 391
1411 391
1412 391
1413 391
1414 391
1415 391
1416 391
1417 391
1418 391
1419 391
1420 391
1421 391
1422 391
1423 391
1424 391
1425 391
1426 391
1427 391
1428 391
1429 391
1430 391
1431 391
1432 391
1433 391
1434 391
1435 391
1436 391
1437 391
1438 391
1439 391
1440 391
1441 391
1442 391
1443 391
1444 391
1445 391
1446 391
1447 391
1448 391
1449 391
1450 391
1451 391
1452 391
1453 391
1454 391
1455 391
1456 391
1457 391
1458 391
1459 391
1460 391
1461 391
1462 391
1463 391
1464 391
1465 391
1466 391
1467 391
1468 391
1469 391
1470 391
1471 391
1472 391
1473 391
1474 391
1475 391
1476 391
1477 391
1478 391
1479 391
1480 391
1481 391
1482 391
1483 391
1484 391
1485 391
1486 391
1487 391
1488 391
1489 391
1490 391
1491 391
1492 391
1493 391
1494 391
1495 391
1496 391
1497 391
1498 391
1499 391
1500 391
1501 391
1502 391
1503 391
1504 391
1505 391
1506 391
1507 391
1508 391
1509 391
1510 391
1511 391
1512 391
1513 391
1514 391
1515 391
1516 391
1517 391
1518 391
1519 391
1520 391
1521 391
1522 391
1523 391
1524 391
1525 391
1526 391
1527 391
1528 391
1529 391
1530 391
1531 391
1532 391
1533 391
1534 391
1535 391
1536 391
1537 391
1538 391
1539 391
1540 391
1541 391
1542 392
1543 392
1544 392
1545 392
1546 392
1547 392
1548 392
1549 392
1550 392
1551 392
1552 392
1553 393
1554 393
1555 393
1556 393
1557 393
1558 393
1559 393
1560 393
1561 393
1562 393
1563 393
1564 393
1565 393
1566 393
1567 393
1568 393
1569 393
1570 393
1571 393
1572 393
1573 393
1574 393
1575 393
1576 393
1577 393
1578 393
1579 393
1580 393
1581 393
1582 393
1583 393
1584 393
1585 393
1586 393
1587 393
1588 393
1589 393
1590 393
1591 393
1592 394
1593 394
1594 394
1595 394
1596 394
1597 394
1598 394
1599 394
1600 394
1601 394
1602 394
1603 394
1604 394
1605 394
1606 394
1607 394
1608 394
1609 394
1610 394
1611 394
1612 394
1613 394
1614 394
1615 394
1616 394
1617 395
1618 395
1619 395
1620 395
1621 395
1622 395
1623 395
1624 395
1625 395
1626 395
1627 395
1628 395
1629 395
1630 395
1631 395
1632 395
1633 395
1634 395
1635 395
1636 395
1637 395
1638 395
1639 395
1640 395
1641 395
1642 395
1643 395
1644 395
1645 395
1646 395
1647 395
1648 395
1649 395
1650 395
1651 395
1652 395
1653 395
1654 395
1655 395
1656 395
1657 395
1658 395
1659 395
1660 395
1661 395
1662 395
1663 395
1664 395
1665 395
1666 395
1667 395
1668 395
1669 395
1670 395
1671 395
1672 395
1673 395
1674 395
1675 395
1676 395
1677 395
1678 395
1679 395
1680 395
1681 395
1682 395
1683 395
1684 395
1685 395
1686 395
1687 395
1688 395
1689 395
1690 395
1691 395
1692 395
1693 395
1694 395
1695 395
1696 395
1697 395
1698 395
1699 395
1700 395
1701 395
1702 395
1703 395
1704 395
1705 395
1706 395
1707 395
1708 395
1709 395
1710 395
1711 395
1712 395
1713 395
1714 395
1715 395
1716 395
1717 395
1718 395
1719 395
1720 395
1721 395
1722 395
1723 395
1724 395
1725 395
1726 395
1727 395
1728 395
1729 395
1730 395
1731 395
1732 395
1733 395
1734 395
1735 395
1736 395
1737 395
1738 395
1739 395
1740 395
1741 395
1742 395
1743 395
1744 395
1745 395
1746 395
1747 395
1748 395
1749 395
1750 395
1751 395
1752 395
1753 395
1754 395
1755 395
1756 395
1757 395
1758 395
1759 395
1760 395
1761 395
1762 395
1763 395
1764 395
1765 395
1766 395
1767 395
1768 395
1769 395
1770 395
1771 395
1772 395
1773 395
1774 395
1775 395
1776 395
1777 395
1778 395
1779 395
1780 395
1781 395
1782 395
1783 395
1784 395
1785 395
1786 395
1787 395
1788 395
1789 395
1790 395
1791 395
1792 395
1793 395
1794 395
1795 395
1796 395
1797 395
1798 395
1799 395
1800 395
1801 395
1802 395
1803 395
1804 395
1805 395
1806 395
1807 395
1808 395
1809 395
1810 395
1811 395
1812 395
1813 395
1814 395
1815 395
1816 395
1817 395
1818 395
1819 395
1820 395
1821 395
1822 395
1823 395
1824 395
1825 395
1826 395
1827 395
1828 395
1829 395
1830 395
1831 395
1832 395
1833 395
1834 395
1835 395
1836 395
1837 395
1838 395
1839 395
1840 395
1841 395
1842 395
1843 395
1844 395
1845 395
1846 395
1847 395
1848 395
1849 395
1850 395
1851 395
1852 395
1853 395
1854 395
1855 395
1856 395
1857 395
1858 395
1859 395
1860 395
1861 395
1862 395
1863 395
1864 395
1865 395
1866 395
1867 395
1868 395
1869 395
1870 395
1871 395
1872 395
1873 395
1874 395
1875 395
1876 395
1877 395
1878 395
1879 395
1880 395
1881 395
1882 395
1883 395
1884 395
1885 395
1886 395
1887 395
1888 395
1889 395
1890 395
1891 395
1892 395
1893 395
1894 395
1895 395
1896 395
1897 395
1898 395
1899 395
1900 395
1901 395
1902 395
1903 395
1904 395
1905 395
1906 395
1907 395
1908 395
1909 395
1910 395
1911 395
1912 395
1913 395
1914 395
1915 395
1916 395
1917 395
1918 395
1919 395
1920 395
1921 395
1922 395
1923 395
1924 395
1925 395
1926 395
1927 395
1928 395
1929 395
1930 395
1931 395
1932 395
1933 395
1934 395
1935 395
1936 395
1937 395
1938 395
1939 395
1940 395
1941 395
1942 395
1943 395
1944 395
1945 395
1946 396
1947 396
1948 396
1949 396
1950 396
1951 396
1952 396
1953 396
1954 396
1955 396
1956 396
1957 396
1958 396
1959 396
1960 396
1961 396
1962 396
1963 396
1964 396
1965 396
1966 396
1967 396
1968 396
1969 396
1970 396
1971 396
1972 396
1973 396
1974 396
1975 396
1976 396
1977 396
1978 396
1979 396
1980 396
1981 396
1982 396
1983 396
1984 396
1985 396
1986 396
1987 396
1988 396
1989 396
1990 396
1991 396
1992 396
1993 396
1994 397
1995 397
1996 397
1997 397
1998 397
1999 397
2000 397
2001 397
2002 397
2003 397
2004 397
2005 397
2006 397
2007 397
2008 397
2009 397
2010 397
2011 397
2012 397
2013 397
2014 397
2015 397
2016 397
2017 397
2018 397
2019 397
2020 397
2021 397
2022 397
2023 397
2024 397
2025 397
2026 397
2027 397
2028 397
2029 397
2030 397
2031 397
2032 397
2033 397
2034 397
2035 397
2036 397
2037 397
2038 397
2039 397
2040 397
2041 397
2042 398
2043 398
2044 398
2045 398
2046 398
2047 398
2048 398
2049 398
2050 398
2051 398
2052 398
2053 398
2054 398
2055 398
2056 398
2057 398
2058 398
2059 398
2060 398
2061 398
2062 398
2063 398
2064 398
2065 398
2066 398
2067 398
2068 398
2069 398
2070 398
2071 398
2072 398
2073 398
2074 398
2075 398
2076 398
2077 398
2078 398
2079 398
2080 398
2081 398
2082 398
2083 398
2084 398
2085 398
2086 398
2087 398
2088 398
2089 398
2090 398
2091 398
2092 398
2093 398
2094 398
2095 398
2096 398
2097 398
2098 398
2099 398
2100 398
2101 398
2102 398
2103 398
2104 398
2105 398
2106 398
2107 398
2108 398
2109 398
2110 398
2111 398
2112 398
2113 398
2114 398
2115 398
2116 398
2117 398
2118 398
2119 398
2120 398
2121 398
2122 398
2123 398
2124 398
2125 398
2126 398
2127 398
2128 398
2129 398
2130 398
2131 398
2132 398
2133 398
2134 398
2135 398
2136 398
2137 398
2138 398
2139 398
2140 398
2141 398
2142 398
2143 398
2144 398
2145 398
2146 398
2147 398
2148 398
2149 398
2150 398
2151 398
2152 398
2153 398
2154 398
2155 398
2156 398
2157 398
2158 398
2159 398
2160 398
2161 398
2162 398
2163 398
2164 398
2165 398
2166 398
2167 398
2168 398
2169 398
2170 398
2171 398
2172 398
2173 398
2174 398
2175 398
2176 398
2177 398
2178 398
2179 398
2180 398
2181 398
2182 398
2183 398
2184 398
2185 398
2186 398
2187 398
2188 398
2189 398
2190 398
2191 398
2192 398
2193 398
2194 398
2195 398
2196 398
2197 398
2198 398
2199 398
2200 398
2201 398
2202 398
2203 398
2204 398
2205 398
2206 398
2207 398
2208 398
2209 398
2210 398
2211 398
2212 398
2213 398
2214 398
2215 398
2216 398
2217 398
2218 398
2219 398
2220 398
2221 398
2222 398
2223 398
2224 398
2225 398
2226 398
2227 398
2228 398
2229 398
2230 398
2231 398
2232 398
2233 398
2234 398
2235 398
2236 398
2237 398
2238 398
2239 398
2240 398
2241 398
2242 398
2243 398
2244 398
2245 398
2246 398
2247 398
2248 398
2249 398
2250 398
2251 398
2252 398
2253 398
2254 398
2255 398
2256 398
2257 398
2258 398
2259 398
2260 398
2261 398
2262 398
2263 398
2264 398
2265 398
2266 398
2267 398
2268 398
2269 398
2270 398
2271 398
2272 398
2273 398
2274 398
2275 398
2276 398
2277 398
2278 398
2279 398
2280 398
2281 398
2282 398
2283 398
2284 398
2285 398
2286 398
2287 398
2288 398
2289 398
2290 398
2291 398
2292 398
2293 398
2294 398
2295 398
2296 398
2297 398
2298 398
2299 398
2300 398
2301 398
2302 398
2303 398
2304 398
2305 398
2306 398
2307 398
2308 398
2309 398
2310 398
2311 398
2312 398
2313 398
2314 398
2315 398
2316 398
2317 398
2318 398
2319 398
2320 398
2321 398
2322 398
2323 398
2324 398
2325 398
2326 398
2327 398
2328 398
2329 398
2330 398
2331 398
2332 398
2333 398
2334 398
2335 398
2336 398
2337 398
2338 398
2339 398
2340 398
2341 398
2342 398
2343 398
2344 398
2345 398
2346 398
2347 398
2348 398
2349 398
2350 398
2351 398
2352 398
2353 398
2354 398
2355 398
2356 398
2357 398
2358 398
2359 398
2360 398
2361 398
2362 398
2363 398
2364 398
2365 398
2366 398
2367 398
2368 398
2369 398
2370 398
2371 398
2372 398
2373 398
2374 398
2375 398
2376 398
2377 398
2378 398
2379 398
2380 398
2381 398
2382 398
2383 398
2384 398
2385 398
2386 398
2387 398
2388 398
2389 398
2390 398
2391 398
2392 398
2393 398
2394 398
2395 398
2396 398
2397 398
2398 398
2399 398
2400 398
2401 398
2402 398
2403 398
2404 398
2405 398
2406 398
2407 398
2408 398
2409 398
2410 398
2411 398
2412 398
2413 398
2414 398
2415 398
2416 398
2417 398
2418 398
2419 398
2420 398
2421 398
2422 398
2423 398
2424 398
2425 398
2426 398
2427 398
2428 398
2429 398
2430 398
2431 398
2432 398
2433 398
2434 398
2435 398
2436 398
2437 398
2438 398
2439 398
2440 398
2441 398
2442 398
2443 398
2444 398
2445 398
2446 398
2447 398
2448 398
2449 398
2450 399
2451 399
2452 399
2453 399
2454 399
2455 399
2456 399
2457 399
2458 399
2459 399
2460 399
2461 399
2462 399
2463 399
2464 399
2465 399
2466 399
2467 399
2468 399
2469 399
2470 399
2471 399
2472 399
2473 399
2474 399
2475 399
2476 399
2477 399
2478 399
2479 399
2480 399
2481 399
2482 399
2483 399
2484 399
2485 399
2486 399
2487 399
2488 399
2489 399
2490 399
2491 399
2492 399
2493 399
2494 399
2495 399
2496 399
2497 399
2498 399
2499 399
2500 399
2501 399
2502 399
2503 399
2504 399
2505 399
2506 399
2507 399
2508 399
2509 399
2510 399
2511 399
2512 399
2513 399
2514 399
2515 399
2516 399
2517 399
2518 399
2519 399
2520 399
2521 399
2522 399
2523 399
2524 399
2525 399
2526 399
2527 399
2528 399
2529 399
2530 399
2531 399
2532 399
2533 399
2534 399
2535 399
2536 399
2537 399
2538 399
2539 399
2540 399
2541 399
2542 399
2543 399
2544 399
2545 399
2546 399
2547 399
2548 399
2549 399
2550 399
2551 399
2552 399
2553 399
2554 399
2555 399
2556 399
2557 399
2558 399
2559 399
2560 399
2561 399
2562 399
2563 399
2564 399
2565 399
2566 399
2567 399
2568 399
2569 399
2570 399
2571 399
2572 399
2573 399
2574 399
2575 399
2576 399
2577 399
2578 399
2579 399
2580 399
2581 399
2582 399
2583 399
2584 399
2585 399
2586 399
2587 399
2588 399
2589 399
2590 399
2591 399
2592 399
2593 399
2594 399
2595 399
2596 399
2597 399
2598 399
2599 399
2600 399
2601 399
2602 399
2603 399
2604 399
2605 399
2606 399
2607 399
2608 399
2609 399
2610 399
2611 399
2612 399
2613 399
2614 399
2615 399
2616 399
2617 399
2618 399
2619 399
2620 399
2621 399
2622 399
2623 399
2624 399
2625 399
2626 399
2627 399
2628 399
2629 399
2630 399
2631 399
2632 399
2633 399
2634 399
2635 399
2636 399
2637 399
2638 399
2639 399
2640 399
2641 399
2642 399
2643 399
2644 399
2645 399
2646 399
2647 399
2648 399
2649 399
2650 399
2651 399
2652 399
2653 399
2654 399
2655 399
2656 399
2657 399
2658 399
2659 399
2660 399
2661 399
2662 399
2663 399
2664 399
2665 399
2666 399
2667 399
2668 399
2669 399
2670 399
2671 399
2672 399
2673 399
2674 399
2675 399
2676 399
2677 399
2678 399
2679 399
2680 399
2681 399
2682 399
2683 399
2684 399
2685 399
2686 399
2687 399
2688 399
2689 399
2690 399
2691 399
2692 399
2693 399
2694 399
2695 399
2696 399
2697 399
2698 399
2699 399
2700 399
2701 399
2702 399
2703 399
2704 399
2705 399
2706 399
2707 399
2708 399
2709 399
2710 399
2711 399
2712 399
2713 399
2714 399
2715 399
2716 399
2717 399
2718 399
2719 399
2720 399
2721 399
2722 399
2723 399
2724 399
2725 399
2726 399
2727 399
2728 399
2729 399
2730 399
2731 399
2732 399
2733 399
2734 399
2735 399
2736 399
2737 399
2738 399
2739 399
2740 399
2741 399
2742 399
2743 399
2744 399
2745 399
2746 399
2747 399
2748 399
2749 399
2750 399
2751 399
2752 399
2753 399
2754 399
2755 399
2756 399
2757 399
2758 399
2759 399
2760 399
2761 399
2762 399
2763 399
2764 399
2765 399
2766 399
2767 399
2768 399
2769 399
2770 399
2771 399
2772 399
2773 399
2774 399
2775 399
2776 399
2777 399
2778 400
