0 1
1 1
2 1
3 1
4 2
5 3
6 3
7 4
8 4
9 4
10 4
11 4
12 4
13 5
14 6
15 7
16 8
17 8
18 9
19 9
20 10
21 10
22 10
23 10
24 10
25 10
26 10
27 11
28 12
29 12
30 12
31 12
32 12
33 13
34 14
35 15
36 16
37 16
38 17
39 18
40 19
41 20
42 20
43 20
44 21
45 21
46 22
47 22
48 23
49 23
50 24
51 25
52 26
53 26
54 27
55 28
56 28
57 29
58 30
59 30
60 31
61 32
62 32
63 32
64 33
65 33
66 34
67 35
68 35
69 36
70 36
71 36
72 37
73 37
74 37
75 37
76 37
77 37
78 37
79 37
80 37
81 37
82 38
83 39
84 39
85 40
86 41
87 42
88 42
89 43
90 44
91 44
92 44
93 44
94 44
95 44
96 45
97 45
98 45
99 46
100 47
101 47
102 48
103 48
104 48
105 49
106 50
107 51
108 51
109 51
110 51
111 52
112 52
113 52
114 52
115 52
116 53
117 53
118 53
119 54
120 55
121 56
122 57
123 58
124 58
125 59
126 59
127 60
128 60
129 60
130 60
131 61
132 61
133 61
134 61
135 61
136 62
137 63
138 63
139 63
140 64
141 64
142 65
143 65
144 65
145 66
146 67
147 68
148 69
149 70
150 70
151 71
152 72
153 72
154 73
155 74
156 75
157 75
158 75
159 75
160 76
161 77
162 77
163 77
164 77
165 77
166 77
167 77
168 77
169 77
170 78
171 79
172 79
173 80
174 80
175 80
176 80
177 80
178 80
179 80
180 81
181 82
182 82
183 82
184 83
185 84
186 84
187 84
188 84
189 84
190 84
191 84
192 85
193 85
194 86
195 86
196 87
197 87
198 87
199 87
200 87
201 87
202 88
203 88
204 88
205 89
206 89
207 90
208 90
209 91
210 91
211 91
212 92
213 92
214 92
215 92
216 92
217 93
218 93
219 94
220 94
221 94
222 95
223 95
224 95
225 95
226 95
227 95
228 96
229 96
230 97
231 97
232 97
233 97
234 97
235 98
236 98
237 99
238 99
239 100
240 100
241 101
242 101
243 101
244 101
245 101
246 101
247 101
248 102
249 102
250 103
251 103
252 103
253 104
254 105
255 105
256 106
257 106
258 106
259 107
260 107
261 107
262 108
263 109
264 109
265 110
266 110
267 110
268 110
269 110
270 111
271 111
272 111
273 112
274 112
275 112
276 112
277 112
278 112
279 113
280 113
281 114
282 114
283 114
284 114
285 115
286 115
287 116
288 117
289 117
290 118
291 118
292 118
293 119
294 119
295 119
296 119
297 120
298 120
299 120
300 120
301 121
302 121
303 122
304 122
305 123
306 123
307 123
308 123
309 124
310 124
311 124
312 124
313 124
314 125
315 126
316 126
317 126
318 127
319 127
320 127
321 128
322 128
323 128
324 128
325 129
326 129
327 130
328 130
329 130
330 130
331 130
332 130
333 130
334 131
335 131
336 131
337 131
338 131
339 132
340 132
341 133
342 133
343 134
344 135
345 135
346 135
347 135
348 135
349 136
350 137
351 137
352 138
353 138
354 138
355 139
356 139
357 139
358 139
359 139
360 139
361 139
362 139
363 139
364 139
365 139
366 140
367 141
368 141
369 142
370 143
371 144
372 144
373 144
374 145
375 146
376 147
377 148
378 148
379 148
380 149
381 150
382 151
383 152
384 152
385 153
386 153
387 154
388 154
389 154
390 155
391 155
392 155
393 155
394 155
395 155
396 155
397 155
398 156
399 156
400 156
401 156
402 157
403 157
404 157
405 157
406 157
407 158
408 158
409 159
410 160
411 160
412 161
413 161
414 161
415 161
416 161
417 162
418 163
419 163
420 163
421 164
422 164
423 164
424 164
425 165
426 166
427 166
428 166
429 166
430 166
431 166
432 166
433 167
434 167
435 168
436 168
437 168
438 168
439 168
440 168
441 168
442 168
443 169
444 169
445 169
446 170
447 171
448 171
449 172
450 172
451 172
452 172
453 172
454 173
455 173
456 173
457 173
458 173
459 174
460 174
461 174
462 175
463 175
464 175
465 175
466 175
467 176
468 177
469 177
470 178
471 179
472 179
473 179
474 179
475 179
476 179
477 179
478 180
479 181
480 181
481 181
482 181
483 182
484 182
485 182
486 182
487 183
488 183
489 184
490 184
491 184
492 184
493 184
494 184
495 184
496 184
497 184
498 184
499 185
500 185
501 185
502 185
503 185
504 186
505 186
506 186
507 186
508 186
509 186
510 187
511 187
512 188
513 189
514 189
515 189
516 189
517 189
518 189
519 190
520 190
521 191
522 192
523 192
524 192
525 192
526 193
527 193
528 194
529 194
530 194
531 194
532 194
533 194
534 194
535 194
536 194
537 195
538 195
539 195
540 195
541 195
542 195
543 196
544 197
545 198
546 198
547 198
548 199
549 199
550 199
551 199
552 199
553 200
554 201
555 201
556 202
557 202
558 202
559 202
560 202
561 202
562 202
563 203
564 203
565 203
566 204
567 205
568 206
569 206
570 206
571 206
572 206
573 207
574 207
575 208
576 208
577 209
578 210
579 210
580 210
581 210
582 211
583 211
584 211
585 211
586 212
587 212
588 212
589 212
590 212
591 212
592 213
593 213
594 213
595 213
596 213
597 213
598 213
599 213
600 213
601 213
602 213
603 213
604 213
605 214
606 214
607 215
608 215
609 215
610 216
611 216
612 217
613 217
614 217
615 217
616 217
617 218
618 218
619 218
620 218
621 218
622 218
623 218
624 218
625 218
626 218
627 218
628 218
629 218
630 219
631 220
632 221
633 221
634 221
635 221
636 222
637 222
638 222
639 223
640 224
641 224
642 224
643 224
644 225
645 225
646 226
647 226
648 227
649 227
650 227
651 227
652 227
653 227
654 228
655 229
656 230
657 230
658 230
659 230
660 230
661 231
662 231
663 231
664 231
665 231
666 231
667 231
668 231
669 231
670 231
671 231
672 231
673 231
674 231
675 231
676 231
677 231
678 231
679 231
680 231
681 231
682 231
683 231
684 231
685 231
686 231
687 232
688 232
689 232
690 232
691 232
692 232
693 232
694 232
695 232
696 232
697 232
698 232
699 232
700 233
701 233
702 233
703 233
704 233
705 233
706 233
707 233
708 233
709 233
710 234
711 234
712 234
713 234
714 234
715 234
716 234
717 234
718 235
719 235
720 235
721 235
722 235
723 235
724 235
725 235
726 236
727 237
728 237
729 237
730 237
731 237
732 237
733 237
734 237
735 237
736 238
737 238
738 238
739 238
740 238
741 239
742 239
743 239
744 239
745 239
746 240
747 241
748 241
749 241
750 241
751 241
752 241
753 242
754 242
755 242
756 242
757 242
758 242
759 242
760 243
761 243
762 244
763 244
764 244
765 244
766 244
767 244
768 244
769 244
770 245
771 245
772 245
773 245
774 245
775 245
776 245
777 245
778 246
779 246
780 246
781 247
782 247
783 247
784 247
785 248
786 248
787 248
788 248
789 248
790 248
791 248
792 248
793 249
794 249
795 249
796 249
797 249
798 249
799 249
800 249
801 250
802 251
803 251
804 251
805 252
806 252
807 253
808 253
809 253
810 253
811 253
812 253
813 253
814 254
815 255
816 256
817 256
818 256
819 256
820 256
821 256
822 256
823 256
824 256
825 257
826 257
827 257
828 257
829 257
830 257
831 258
832 258
833 258
834 258
835 259
836 259
837 259
838 260
839 260
840 260
841 260
842 260
843 260
844 260
845 260
846 260
847 260
848 260
849 260
850 260
851 260
852 260
853 260
854 260
855 260
856 260
857 260
858 260
859 260
860 261
861 261
862 262
863 262
864 262
865 262
866 262
867 262
868 262
869 262
870 263
871 263
872 263
873 263
874 263
875 263
876 263
877 264
878 264
879 264
880 265
881 265
882 265
883 265
884 265
885 265
886 265
887 265
888 265
889 265
890 266
891 266
892 266
893 266
894 266
895 266
896 266
897 266
898 266
899 267
900 267
901 267
902 267
903 267
904 267
905 268
906 268
907 268
908 268
909 268
910 268
911 268
912 268
913 268
914 268
915 268
916 268
917 268
918 268
919 268
920 268
921 268
922 268
923 268
924 268
925 269
926 270
927 270
928 270
929 270
930 270
931 270
932 270
933 270
934 270
935 270
936 270
937 270
938 270
939 270
940 270
941 270
942 270
943 270
944 271
945 271
946 271
947 271
948 271
949 271
950 271
951 271
952 271
953 271
954 271
955 272
956 272
957 272
958 272
959 272
960 272
961 272
962 272
963 272
964 272
965 272
966 272
967 273
968 273
969 273
970 273
971 273
972 273
973 273
974 273
975 273
976 273
977 273
978 273
979 274
980 274
981 274
982 274
983 274
984 274
985 274
986 274
987 274
988 274
989 274
990 274
991 274
992 274
993 274
994 275
995 275
996 275
997 275
998 275
999 275
1000 275
1001 275
1002 275
1003 276
1004 276
1005 276
1006 276
1007 276
1008 276
1009 276
1010 276
1011 277
1012 277
1013 277
1014 277
1015 277
1016 277
1017 278
1018 279
1019 279
1020 279
1021 279
1022 279
1023 279
1024 279
1025 279
1026 279
1027 279
1028 279
1029 279
1030 280
1031 280
1032 280
1033 280
1034 281
1035 281
1036 282
1037 282
1038 282
1039 282
1040 282
1041 282
1042 282
1043 282
1044 282
1045 283
1046 283
1047 283
1048 283
1049 283
1050 283
1051 283
1052 284
1053 284
1054 284
1055 284
1056 284
1057 284
1058 284
1059 284
1060 284
1061 285
1062 285
1063 285
1064 286
1065 286
1066 286
1067 287
1068 287
1069 287
1070 287
1071 287
1072 287
1073 287
1074 287
1075 287
1076 287
1077 287
1078 287
1079 287
1080 287
1081 287
1082 287
1083 287
1084 287
1085 287
1086 287
1087 287
1088 288
1089 288
1090 289
1091 290
1092 290
1093 290
1094 290
1095 290
1096 290
1097 290
1098 290
1099 290
1100 290
1101 290
1102 290
1103 290
1104 290
1105 290
1106 290
1107 290
1108 290
1109 290
1110 290
1111 290
1112 290
1113 290
1114 290
1115 290
1116 290
1117 290
1118 290
1119 291
1120 291
1121 291
1122 291
1123 292
1124 292
1125 292
1126 292
1127 292
1128 292
1129 292
1130 292
1131 292
1132 292
1133 292
1134 292
1135 293
1136 293
1137 293
1138 294
1139 294
1140 294
1141 295
1142 295
1143 295
1144 295
1145 296
1146 296
1147 296
1148 296
1149 296
1150 296
1151 296
1152 296
1153 296
1154 296
1155 296
1156 296
1157 296
1158 297
1159 297
1160 297
1161 298
1162 299
1163 300
1164 300
1165 300
1166 301
1167 301
1168 301
1169 301
1170 301
1171 301
1172 301
1173 301
1174 301
1175 301
1176 301
1177 301
1178 301
1179 301
1180 301
1181 301
1182 302
1183 302
1184 302
1185 302
1186 302
1187 302
1188 302
1189 302
1190 303
1191 303
1192 303
1193 303
1194 303
1195 303
1196 303
1197 303
1198 303
1199 303
1200 303
1201 303
1202 303
1203 303
1204 303
1205 303
1206 303
1207 303
1208 303
1209 303
1210 303
1211 303
1212 303
1213 303
1214 303
1215 303
1216 303
1217 303
1218 303
1219 303
1220 303
1221 304
1222 304
1223 304
1224 305
1225 306
1226 306
1227 306
1228 306
1229 306
1230 306
1231 306
1232 306
1233 306
1234 306
1235 306
1236 306
1237 306
1238 306
1239 306
1240 306
1241 306
1242 306
1243 306
1244 306
1245 306
1246 306
1247 306
1248 307
1249 307
1250 307
1251 307
1252 307
1253 307
1254 307
1255 308
1256 308
1257 308
1258 308
1259 308
1260 309
1261 309
1262 309
1263 309
1264 309
1265 309
1266 310
1267 310
1268 310
1269 310
1270 310
1271 311
1272 311
1273 311
1274 311
1275 311
1276 311
1277 311
1278 311
1279 311
1280 311
1281 311
1282 311
1283 312
1284 312
1285 312
1286 312
1287 312
1288 312
1289 312
1290 312
1291 312
1292 312
1293 313
1294 313
1295 313
1296 314
1297 314
1298 314
1299 314
1300 315
1301 316
1302 316
1303 316
1304 316
1305 316
1306 316
1307 316
1308 316
1309 316
1310 316
1311 316
1312 317
1313 317
1314 317
1315 317
1316 318
1317 318
1318 318
1319 318
1320 318
1321 318
1322 318
1323 319
1324 319
1325 319
1326 319
1327 319
1328 319
1329 319
1330 319
1331 319
1332 319
1333 319
1334 319
1335 320
1336 320
1337 320
1338 320
1339 320
1340 321
1341 321
1342 321
1343 321
1344 321
1345 321
1346 321
1347 321
1348 322
1349 322
1350 322
1351 323
1352 323
1353 323
1354 323
1355 323
1356 323
1357 323
1358 323
1359 323
1360 323
1361 323
1362 324
1363 324
1364 324
1365 324
1366 324
1367 324
1368 324
1369 324
1370 325
1371 325
1372 325
1373 325
1374 325
1375 325
1376 326
1377 327
1378 327
1379 328
1380 329
1381 329
1382 329
1383 329
1384 329
1385 329
1386 329
1387 329
1388 329
1389 329
1390 329
1391 329
1392 329
1393 329
1394 329
1395 329
1396 329
1397 329
1398 329
1399 329
1400 330
1401 330
1402 330
1403 330
1404 330
1405 330
1406 330
1407 330
1408 330
1409 330
1410 330
1411 330
1412 331
1413 331
1414 331
1415 331
1416 331
1417 331
1418 331
1419 331
1420 331
1421 331
1422 331
1423 331
1424 331
1425 331
1426 331
1427 331
1428 331
1429 331
1430 331
1431 331
1432 331
1433 331
1434 331
1435 331
1436 331
1437 331
1438 331
1439 331
1440 332
1441 332
1442 332
1443 332
1444 332
1445 332
1446 332
1447 333
1448 334
1449 334
1450 334
1451 335
1452 335
1453 335
1454 335
1455 335
1456 335
1457 335
1458 335
1459 335
1460 335
1461 335
1462 335
1463 335
1464 335
1465 335
1466 335
1467 336
1468 336
1469 336
1470 336
1471 336
1472 336
1473 337
1474 337
1475 338
1476 338
1477 338
1478 338
1479 338
1480 338
1481 338
1482 338
1483 338
1484 338
1485 338
1486 338
1487 338
1488 338
1489 338
1490 338
1491 338
1492 338
1493 338
1494 338
1495 338
1496 338
1497 338
1498 338
1499 338
1500 338
1501 338
1502 338
1503 338
1504 338
1505 338
1506 338
1507 338
1508 338
1509 338
1510 338
1511 338
1512 338
1513 338
1514 338
1515 338
1516 338
1517 338
1518 338
1519 339
1520 340
1521 340
1522 340
1523 340
1524 341
1525 341
1526 341
1527 341
1528 341
1529 341
1530 341
1531 341
1532 341
1533 341
1534 341
1535 341
1536 341
1537 341
1538 342
1539 342
1540 343
1541 343
1542 343
1543 343
1544 343
1545 343
1546 343
1547 343
1548 343
1549 343
1550 343
1551 343
1552 343
1553 344
1554 344
1555 344
1556 344
1557 344
1558 344
1559 344
1560 344
1561 344
1562 344
1563 344
1564 344
1565 344
1566 345
1567 345
1568 346
1569 346
1570 346
1571 346
1572 346
1573 346
1574 346
1575 346
1576 346
1577 346
1578 346
1579 346
1580 346
1581 346
1582 346
1583 346
1584 346
1585 347
1586 347
1587 347
1588 347
1589 347
1590 347
1591 347
1592 347
1593 347
1594 348
1595 348
1596 348
1597 348
1598 348
1599 348
1600 348
1601 348
1602 348
1603 348
1604 348
1605 348
1606 348
1607 348
1608 348
1609 348
1610 348
1611 348
1612 348
1613 348
1614 348
1615 348
1616 348
1617 348
1618 348
1619 348
1620 348
1621 348
1622 348
1623 348
1624 348
1625 348
1626 348
1627 348
1628 348
1629 348
1630 348
1631 348
1632 348
1633 348
1634 348
1635 348
1636 348
1637 348
1638 348
1639 348
1640 348
1641 349
1642 349
1643 349
1644 349
1645 349
1646 349
1647 349
1648 349
1649 349
1650 349
1651 349
1652 349
1653 349
1654 349
1655 349
1656 349
1657 349
1658 349
1659 349
1660 349
1661 349
1662 349
1663 349
1664 349
1665 349
1666 349
1667 349
1668 349
1669 349
1670 349
1671 349
1672 349
1673 349
1674 349
1675 349
1676 349
1677 349
1678 349
1679 349
1680 349
1681 349
1682 349
1683 349
1684 349
1685 349
1686 349
1687 349
1688 350
1689 350
1690 350
1691 350
1692 350
1693 350
1694 350
1695 351
1696 351
1697 351
1698 351
1699 351
1700 351
1701 352
1702 352
1703 352
1704 352
1705 352
1706 352
1707 352
1708 352
1709 352
1710 352
1711 353
1712 353
1713 353
1714 353
1715 353
1716 353
1717 353
1718 353
1719 353
1720 353
1721 354
1722 354
1723 354
1724 354
1725 354
1726 354
1727 354
1728 354
1729 354
1730 354
1731 354
1732 354
1733 354
1734 354
1735 354
1736 354
1737 354
1738 355
1739 355
1740 355
1741 355
1742 355
1743 355
1744 355
1745 355
1746 355
1747 355
1748 356
1749 357
1750 357
1751 357
1752 357
1753 357
1754 357
1755 357
1756 357
1757 357
1758 358
1759 358
1760 358
1761 358
1762 359
1763 360
1764 360
1765 360
1766 360
1767 360
1768 360
1769 360
1770 360
1771 360
1772 360
1773 360
1774 360
1775 360
1776 360
1777 360
1778 360
1779 360
1780 360
1781 360
1782 360
1783 360
1784 360
1785 360
1786 360
1787 360
1788 360
1789 360
1790 360
1791 360
1792 360
1793 360
1794 360
1795 360
1796 360
1797 360
1798 360
1799 360
1800 360
1801 360
1802 360
1803 360
1804 360
1805 360
1806 360
1807 360
1808 360
1809 360
1810 360
1811 360
1812 360
1813 360
1814 360
1815 360
1816 360
1817 360
1818 360
1819 360
1820 360
1821 360
1822 360
1823 360
1824 360
1825 360
1826 360
1827 360
1828 360
1829 360
1830 360
1831 361
1832 361
1833 362
1834 362
1835 362
1836 362
1837 362
1838 362
1839 362
1840 362
1841 362
1842 362
1843 362
1844 362
1845 362
1846 362
1847 362
1848 363
1849 363
1850 363
1851 363
1852 363
1853 363
1854 363
1855 363
1856 363
1857 363
1858 363
1859 363
1860 363
1861 363
1862 363
1863 363
1864 363
1865 363
1866 363
1867 363
1868 363
1869 363
1870 363
1871 363
1872 363
1873 363
1874 363
1875 363
1876 363
1877 363
1878 364
1879 364
1880 364
1881 364
1882 364
1883 364
1884 364
1885 364
1886 364
1887 364
1888 364
1889 364
1890 364
1891 364
1892 364
1893 364
1894 364
1895 364
1896 364
1897 364
1898 364
1899 364
1900 364
1901 364
1902 364
1903 365
1904 365
1905 365
1906 365
1907 365
1908 365
1909 365
1910 366
1911 366
1912 366
1913 366
1914 366
1915 366
1916 366
1917 366
1918 366
1919 366
1920 366
1921 366
1922 366
1923 366
1924 366
1925 366
1926 366
1927 366
1928 366
1929 366
1930 366
1931 367
1932 367
1933 367
1934 367
1935 367
1936 367
1937 367
1938 367
1939 367
1940 367
1941 367
1942 367
1943 367
1944 367
1945 367
1946 367
1947 367
1948 367
1949 367
1950 367
1951 367
1952 367
1953 367
1954 367
1955 367
1956 367
1957 367
1958 367
1959 367
1960 367
1961 367
1962 367
1963 367
1964 367
1965 367
1966 367
1967 368
1968 368
1969 368
1970 368
1971 368
1972 368
1973 368
1974 368
1975 368
1976 368
1977 368
1978 368
1979 368
1980 368
1981 368
1982 368
1983 368
1984 368
1985 368
1986 368
1987 368
1988 368
1989 368
1990 368
1991 368
1992 368
1993 368
1994 368
1995 368
1996 368
1997 368
1998 368
1999 368
2000 368
2001 368
2002 368
2003 368
2004 368
2005 368
2006 368
2007 368
2008 368
2009 368
2010 368
2011 368
2012 368
2013 368
2014 368
2015 368
2016 368
2017 368
2018 368
2019 368
2020 368
2021 368
2022 368
2023 368
2024 368
2025 368
2026 368
2027 368
2028 369
2029 370
2030 370
2031 370
2032 370
2033 370
2034 371
2035 371
2036 371
2037 371
2038 371
2039 372
2040 372
2041 372
2042 372
2043 372
2044 372
2045 372
2046 373
2047 373
2048 373
2049 373
2050 373
2051 374
2052 374
2053 374
2054 374
2055 374
2056 374
2057 374
2058 374
2059 374
2060 374
2061 374
2062 374
2063 374
2064 374
2065 374
2066 375
2067 376
2068 376
2069 376
2070 376
2071 377
2072 377
2073 377
2074 377
2075 377
2076 378
2077 378
2078 378
2079 378
2080 378
2081 378
2082 378
2083 378
2084 378
2085 378
2086 378
2087 378
2088 378
2089 378
2090 378
2091 378
2092 378
2093 378
2094 378
2095 378
2096 378
2097 378
2098 378
2099 378
2100 378
2101 378
2102 378
2103 379
2104 379
2105 379
2106 379
2107 379
2108 379
2109 379
2110 379
2111 379
2112 379
2113 379
2114 379
2115 379
2116 379
2117 379
2118 379
2119 379
2120 379
2121 379
2122 379
2123 380
2124 380
2125 380
2126 380
2127 380
2128 380
2129 380
2130 380
2131 380
2132 380
2133 380
2134 380
2135 380
2136 380
2137 380
2138 380
2139 380
2140 380
2141 380
2142 380
2143 380
2144 380
2145 380
2146 380
2147 380
2148 380
2149 380
2150 380
2151 380
2152 380
2153 380
2154 380
2155 380
2156 380
2157 380
2158 380
2159 380
2160 380
2161 380
2162 380
2163 380
2164 380
2165 380
2166 380
2167 380
2168 380
2169 380
2170 380
2171 380
2172 380
2173 380
2174 380
2175 380
2176 380
2177 380
2178 380
2179 380
2180 380
2181 380
2182 380
2183 380
2184 380
2185 380
2186 380
2187 380
2188 380
2189 380
2190 380
2191 380
2192 380
2193 380
2194 380
2195 380
2196 380
2197 380
2198 380
2199 381
2200 381
2201 381
2202 381
2203 381
2204 381
2205 381
2206 381
2207 381
2208 381
2209 381
2210 381
2211 381
2212 381
2213 381
2214 381
2215 381
2216 382
2217 382
2218 382
2219 382
2220 382
2221 382
2222 382
2223 382
2224 382
2225 382
2226 382
2227 382
2228 382
2229 382
2230 382
2231 382
2232 382
2233 382
2234 382
2235 382
2236 382
2237 382
2238 382
2239 382
2240 382
2241 382
2242 382
2243 382
2244 382
2245 382
2246 382
2247 382
2248 382
2249 382
2250 382
2251 382
2252 382
2253 382
2254 382
2255 382
2256 382
2257 382
2258 382
2259 382
2260 382
2261 382
2262 382
2263 382
2264 382
2265 382
2266 382
2267 382
2268 383
2269 383
2270 383
2271 383
2272 383
2273 383
2274 383
2275 383
2276 383
2277 383
2278 383
2279 383
2280 383
2281 383
2282 383
2283 383
2284 383
2285 384
2286 384
2287 384
2288 384
2289 384
2290 384
2291 384
2292 384
2293 384
2294 384
2295 384
2296 384
2297 384
2298 384
2299 384
2300 384
2301 384
2302 384
2303 384
2304 384
2305 384
2306 384
2307 384
2308 384
2309 384
2310 384
2311 385
2312 385
2313 385
2314 385
2315 385
2316 385
2317 385
2318 385
2319 385
2320 385
2321 385
2322 385
2323 385
2324 385
2325 385
2326 385
2327 385
2328 385
2329 385
2330 385
2331 385
2332 385
2333 385
2334 385
2335 385
2336 386
2337 386
2338 386
2339 386
2340 386
2341 386
2342 386
2343 386
2344 386
2345 386
2346 386
2347 386
2348 386
2349 386
2350 386
2351 386
2352 386
2353 386
2354 386
2355 386
2356 386
2357 386
2358 386
2359 386
2360 386
2361 386
2362 386
2363 386
2364 386
2365 386
2366 386
2367 386
2368 386
2369 386
2370 386
2371 386
2372 386
2373 386
2374 386
2375 386
2376 386
2377 386
2378 386
2379 386
2380 387
2381 387
2382 387
2383 387
2384 387
2385 387
2386 387
2387 387
2388 387
2389 387
2390 387
2391 387
2392 387
2393 387
2394 387
2395 387
2396 387
2397 387
2398 387
2399 387
2400 387
2401 387
2402 387
2403 387
2404 387
2405 387
2406 387
2407 387
2408 387
2409 387
2410 387
2411 387
2412 387
2413 387
2414 387
2415 387
2416 387
2417 387
2418 387
2419 387
2420 388
2421 388
2422 388
2423 388
2424 388
2425 388
2426 388
2427 388
2428 388
2429 388
2430 388
2431 388
2432 388
2433 388
2434 388
2435 388
2436 388
2437 388
2438 388
2439 388
2440 388
2441 388
2442 388
2443 388
2444 388
2445 388
2446 388
2447 388
2448 388
2449 388
2450 388
2451 388
2452 388
2453 388
2454 388
2455 388
2456 388
2457 388
2458 388
2459 388
2460 388
2461 388
2462 388
2463 388
2464 388
2465 388
2466 389
2467 389
2468 389
2469 389
2470 389
2471 389
2472 389
2473 389
2474 389
2475 389
2476 389
2477 389
2478 389
2479 389
2480 389
2481 389
2482 389
2483 389
2484 389
2485 389
2486 389
2487 389
2488 389
2489 389
2490 390
2491 390
2492 390
2493 390
2494 390
2495 390
2496 390
2497 390
2498 390
2499 390
2500 390
2501 390
2502 390
2503 390
2504 390
2505 390
2506 390
2507 390
2508 390
2509 390
2510 390
2511 390
2512 390
2513 390
2514 390
2515 390
2516 391
2517 391
2518 391
2519 391
2520 391
2521 391
2522 392
2523 392
2524 392
2525 392
2526 392
2527 392
2528 392
2529 392
2530 392
2531 392
2532 392
2533 392
2534 392
2535 392
2536 392
2537 392
2538 392
2539 392
2540 392
2541 392
2542 392
2543 392
2544 392
2545 392
2546 392
2547 392
2548 392
2549 392
2550 392
2551 392
2552 392
2553 392
2554 392
2555 392
2556 392
2557 392
2558 392
2559 392
2560 392
2561 392
2562 392
2563 392
2564 392
2565 392
2566 392
2567 392
2568 392
2569 392
2570 392
2571 392
2572 392
2573 392
2574 392
2575 392
2576 392
2577 392
2578 392
2579 392
2580 392
2581 392
2582 392
2583 392
2584 392
2585 392
2586 392
2587 392
2588 392
2589 392
2590 392
2591 392
2592 392
2593 392
2594 392
2595 392
2596 392
2597 392
2598 392
2599 392
2600 392
2601 392
2602 392
2603 392
2604 392
2605 392
2606 392
2607 392
2608 392
2609 392
2610 392
2611 392
2612 392
2613 392
2614 392
2615 392
2616 392
2617 392
2618 392
2619 392
2620 392
2621 393
2622 393
2623 393
2624 393
2625 393
2626 393
2627 393
2628 393
2629 393
2630 393
2631 393
2632 393
2633 393
2634 393
2635 393
2636 393
2637 393
2638 393
2639 393
2640 393
2641 393
2642 393
2643 393
2644 393
2645 393
2646 393
2647 393
2648 393
2649 393
2650 393
2651 393
2652 393
2653 393
2654 393
2655 393
2656 393
2657 393
2658 393
2659 393
2660 393
2661 393
2662 393
2663 393
2664 393
2665 393
2666 393
2667 393
2668 393
2669 393
2670 393
2671 393
2672 393
2673 393
2674 393
2675 393
2676 393
2677 393
2678 393
2679 393
2680 393
2681 393
2682 393
2683 393
2684 393
2685 393
2686 393
2687 394
2688 394
2689 394
2690 394
2691 394
2692 394
2693 394
2694 394
2695 394
2696 394
2697 394
2698 394
2699 394
2700 394
2701 394
2702 394
2703 394
2704 394
2705 394
2706 394
2707 394
2708 394
2709 394
2710 394
2711 394
2712 394
2713 394
2714 394
2715 394
2716 394
2717 394
2718 394
2719 394
2720 394
2721 394
2722 394
2723 394
2724 394
2725 394
2726 394
2727 394
2728 394
2729 394
2730 394
2731 394
2732 394
2733 394
2734 394
2735 394
2736 394
2737 394
2738 394
2739 394
2740 394
2741 394
2742 394
2743 394
2744 395
2745 395
2746 395
2747 395
2748 395
2749 395
2750 395
2751 395
2752 395
2753 395
2754 395
2755 395
2756 395
2757 395
2758 395
2759 396
2760 396
2761 396
2762 396
2763 396
2764 396
2765 396
2766 396
2767 396
2768 396
2769 396
2770 396
2771 396
2772 396
2773 396
2774 396
2775 396
2776 396
2777 396
2778 396
2779 396
2780 396
2781 396
2782 396
2783 396
2784 396
2785 396
2786 396
2787 396
2788 396
2789 396
2790 396
2791 396
2792 396
2793 396
2794 396
2795 396
2796 396
2797 396
2798 396
2799 396
2800 396
2801 396
2802 396
2803 396
2804 396
2805 396
2806 396
2807 396
2808 396
2809 396
2810 396
2811 396
2812 396
2813 396
2814 396
2815 396
2816 396
2817 396
2818 396
2819 396
2820 396
2821 396
2822 396
2823 396
2824 396
2825 396
2826 396
2827 396
2828 396
2829 396
2830 396
2831 396
2832 396
2833 396
2834 396
2835 396
2836 396
2837 396
2838 396
2839 396
2840 396
2841 396
2842 396
2843 396
2844 396
2845 396
2846 396
2847 396
2848 396
2849 396
2850 396
2851 396
2852 396
2853 396
2854 396
2855 396
2856 396
2857 396
2858 396
2859 396
2860 396
2861 396
2862 396
2863 396
2864 396
2865 396
2866 396
2867 396
2868 396
2869 396
2870 396
2871 396
2872 396
2873 396
2874 396
2875 396
2876 396
2877 396
2878 396
2879 396
2880 396
2881 396
2882 396
2883 396
2884 396
2885 396
2886 396
2887 396
2888 396
2889 396
2890 396
2891 396
2892 396
2893 396
2894 396
2895 396
2896 396
2897 396
2898 396
2899 396
2900 396
2901 396
2902 396
2903 396
2904 396
2905 396
2906 396
2907 396
2908 396
2909 396
2910 396
2911 396
2912 396
2913 396
2914 396
2915 396
2916 396
2917 396
2918 396
2919 396
2920 396
2921 396
2922 396
2923 396
2924 396
2925 396
2926 396
2927 396
2928 396
2929 396
2930 396
2931 396
2932 396
2933 396
2934 396
2935 396
2936 396
2937 396
2938 396
2939 396
2940 396
2941 396
2942 396
2943 396
2944 396
2945 396
2946 396
2947 396
2948 396
2949 396
2950 396
2951 396
2952 396
2953 396
2954 396
2955 396
2956 396
2957 396
2958 396
2959 396
2960 396
2961 396
2962 396
2963 396
2964 396
2965 396
2966 396
2967 396
2968 396
2969 396
2970 396
2971 396
2972 396
2973 396
2974 396
2975 396
2976 396
2977 396
2978 396
2979 396
2980 396
2981 396
2982 396
2983 396
2984 396
2985 396
2986 396
2987 396
2988 396
2989 396
2990 396
2991 396
2992 396
2993 396
2994 396
2995 396
2996 396
2997 396
2998 396
2999 396
3000 396
3001 396
3002 396
3003 396
3004 396
3005 396
3006 396
3007 396
3008 396
3009 396
3010 396
3011 396
3012 396
3013 396
3014 396
3015 396
3016 396
3017 396
3018 396
3019 396
3020 396
3021 396
3022 396
3023 396
3024 396
3025 396
3026 396
3027 396
3028 396
3029 396
3030 396
3031 396
3032 396
3033 396
3034 396
3035 396
3036 396
3037 396
3038 396
3039 396
3040 396
3041 396
3042 396
3043 396
3044 396
3045 396
3046 396
3047 396
3048 396
3049 396
3050 396
3051 396
3052 396
3053 396
3054 396
3055 396
3056 396
3057 396
3058 396
3059 396
3060 396
3061 396
3062 396
3063 396
3064 396
3065 396
3066 396
3067 396
3068 396
3069 396
3070 396
3071 396
3072 396
3073 396
3074 396
3075 396
3076 396
3077 396
3078 396
3079 396
3080 396
3081 396
3082 396
3083 396
3084 396
3085 396
3086 396
3087 396
3088 396
3089 396
3090 396
3091 396
3092 396
3093 396
3094 396
3095 396
3096 396
3097 396
3098 396
3099 396
3100 396
3101 396
3102 396
3103 396
3104 396
3105 396
3106 396
3107 396
3108 396
3109 396
3110 396
3111 396
3112 396
3113 396
3114 396
3115 396
3116 396
3117 396
3118 396
3119 396
3120 396
3121 396
3122 396
3123 396
3124 396
3125 396
3126 397
3127 397
3128 397
3129 397
3130 397
3131 397
3132 397
3133 397
3134 397
3135 397
3136 397
3137 397
3138 397
3139 397
3140 397
3141 397
3142 397
3143 397
3144 397
3145 397
3146 397
3147 397
3148 397
3149 397
3150 397
3151 397
3152 397
3153 397
3154 397
3155 397
3156 397
3157 397
3158 397
3159 397
3160 397
3161 397
3162 397
3163 397
3164 397
3165 397
3166 397
3167 397
3168 397
3169 397
3170 397
3171 397
3172 397
3173 397
3174 397
3175 397
3176 397
3177 397
3178 397
3179 397
3180 397
3181 397
3182 397
3183 397
3184 397
3185 397
3186 397
3187 397
3188 397
3189 397
3190 397
3191 397
3192 397
3193 397
3194 397
3195 397
3196 397
3197 397
3198 397
3199 397
3200 397
3201 397
3202 397
3203 397
3204 397
3205 397
3206 397
3207 397
3208 397
3209 397
3210 397
3211 397
3212 397
3213 397
3214 397
3215 397
3216 397
3217 397
3218 397
3219 397
3220 397
3221 397
3222 397
3223 397
3224 397
3225 397
3226 397
3227 397
3228 397
3229 397
3230 397
3231 397
3232 397
3233 397
3234 397
3235 397
3236 397
3237 397
3238 397
3239 397
3240 397
3241 397
3242 397
3243 397
3244 397
3245 397
3246 397
3247 397
3248 397
3249 397
3250 397
3251 397
3252 397
3253 397
3254 397
3255 397
3256 397
3257 397
3258 397
3259 397
3260 397
3261 397
3262 397
3263 397
3264 397
3265 397
3266 397
3267 397
3268 397
3269 397
3270 397
3271 397
3272 397
3273 397
3274 397
3275 397
3276 397
3277 397
3278 397
3279 397
3280 397
3281 397
3282 397
3283 397
3284 397
3285 397
3286 397
3287 397
3288 397
3289 397
3290 397
3291 397
3292 397
3293 397
3294 397
3295 397
3296 397
3297 397
3298 397
3299 397
3300 397
3301 397
3302 397
3303 397
3304 397
3305 397
3306 397
3307 397
3308 397
3309 397
3310 397
3311 397
3312 397
3313 397
3314 397
3315 397
3316 397
3317 397
3318 397
3319 397
3320 397
3321 397
3322 397
3323 397
3324 397
3325 397
3326 397
3327 397
3328 397
3329 397
3330 397
3331 397
3332 397
3333 397
3334 397
3335 397
3336 397
3337 397
3338 397
3339 397
3340 397
3341 398
3342 398
3343 398
3344 398
3345 398
3346 398
3347 398
3348 398
3349 398
3350 398
3351 398
3352 398
3353 398
3354 398
3355 398
3356 398
3357 398
3358 398
3359 398
3360 398
3361 398
3362 398
3363 398
3364 398
3365 398
3366 398
3367 398
3368 398
3369 398
3370 398
3371 398
3372 398
3373 398
3374 398
3375 398
3376 398
3377 398
3378 398
3379 398
3380 398
3381 398
3382 398
3383 398
3384 398
3385 398
3386 398
3387 398
3388 398
3389 398
3390 398
3391 398
3392 398
3393 398
3394 398
3395 398
3396 398
3397 398
3398 398
3399 398
3400 398
3401 398
3402 398
3403 398
3404 398
3405 398
3406 398
3407 398
3408 398
3409 398
3410 398
3411 398
3412 398
3413 398
3414 398
3415 398
3416 398
3417 398
3418 398
3419 398
3420 398
3421 398
3422 398
3423 398
3424 398
3425 398
3426 398
3427 398
3428 398
3429 398
3430 398
3431 398
3432 398
3433 398
3434 398
3435 398
3436 398
3437 398
3438 398
3439 398
3440 398
3441 398
3442 398
3443 398
3444 398
3445 398
3446 398
3447 398
3448 398
3449 398
3450 398
3451 398
3452 398
3453 398
3454 398
3455 398
3456 398
3457 398
3458 398
3459 398
3460 398
3461 398
3462 398
3463 398
3464 398
3465 398
3466 398
3467 398
3468 398
3469 398
3470 398
3471 398
3472 398
3473 398
3474 398
3475 398
3476 398
3477 398
3478 398
3479 398
3480 398
3481 398
3482 398
3483 398
3484 398
3485 398
3486 398
3487 398
3488 398
3489 398
3490 398
3491 398
3492 398
3493 398
3494 398
3495 398
3496 398
3497 398
3498 398
3499 398
3500 398
3501 398
3502 398
3503 398
3504 398
3505 398
3506 398
3507 398
3508 398
3509 398
3510 398
3511 398
3512 398
3513 398
3514 398
3515 398
3516 398
3517 398
3518 398
3519 398
3520 398
3521 398
3522 398
3523 398
3524 398
3525 398
3526 398
3527 398
3528 398
3529 398
3530 398
3531 398
3532 398
3533 398
3534 398
3535 398
3536 398
3537 398
3538 398
3539 398
3540 398
3541 398
3542 398
3543 398
3544 398
3545 398
3546 398
3547 398
3548 398
3549 398
3550 398
3551 398
3552 398
3553 398
3554 398
3555 398
3556 398
3557 398
3558 398
3559 398
3560 398
3561 398
3562 398
3563 398
3564 398
3565 398
3566 398
3567 398
3568 398
3569 398
3570 398
3571 398
3572 398
3573 398
3574 398
3575 398
3576 398
3577 398
3578 398
3579 398
3580 398
3581 398
3582 398
3583 398
3584 398
3585 398
3586 398
3587 398
3588 398
3589 398
3590 398
3591 398
3592 398
3593 398
3594 398
3595 398
3596 398
3597 398
3598 398
3599 398
3600 398
3601 398
3602 398
3603 398
3604 398
3605 398
3606 398
3607 398
3608 398
3609 398
3610 398
3611 398
3612 398
3613 398
3614 398
3615 398
3616 398
3617 398
3618 398
3619 398
3620 398
3621 398
3622 398
3623 398
3624 398
3625 398
3626 398
3627 398
3628 398
3629 398
3630 398
3631 398
3632 398
3633 398
3634 398
3635 398
3636 398
3637 398
3638 398
3639 398
3640 398
3641 398
3642 398
3643 398
3644 398
3645 398
3646 398
3647 398
3648 398
3649 398
3650 398
3651 398
3652 398
3653 398
3654 398
3655 398
3656 398
3657 398
3658 398
3659 398
3660 398
3661 398
3662 398
3663 398
3664 398
3665 398
3666 398
3667 398
3668 398
3669 398
3670 398
3671 398
3672 398
3673 398
3674 398
3675 398
3676 398
3677 398
3678 398
3679 398
3680 398
3681 398
3682 398
3683 398
3684 398
3685 398
3686 398
3687 398
3688 398
3689 398
3690 398
3691 398
3692 398
3693 398
3694 398
3695 398
3696 398
3697 398
3698 398
3699 398
3700 398
3701 398
3702 398
3703 398
3704 398
3705 398
3706 398
3707 398
3708 398
3709 398
3710 398
3711 398
3712 398
3713 398
3714 398
3715 398
3716 398
3717 398
3718 398
3719 398
3720 398
3721 398
3722 398
3723 398
3724 398
3725 398
3726 398
3727 398
3728 398
3729 398
3730 398
3731 398
3732 398
3733 398
3734 398
3735 398
3736 398
3737 398
3738 398
3739 398
3740 398
3741 398
3742 398
3743 398
3744 398
3745 398
3746 398
3747 398
3748 398
3749 398
3750 398
3751 398
3752 398
3753 398
3754 398
3755 398
3756 398
3757 398
3758 398
3759 398
3760 398
3761 398
3762 398
3763 398
3764 398
3765 398
3766 398
3767 398
3768 398
3769 398
3770 398
3771 398
3772 398
3773 398
3774 398
3775 398
3776 398
3777 398
3778 398
3779 398
3780 398
3781 398
3782 398
3783 398
3784 398
3785 398
3786 398
3787 398
3788 398
3789 398
3790 398
3791 398
3792 398
3793 398
3794 398
3795 398
3796 398
3797 398
3798 398
3799 398
3800 398
3801 398
3802 398
3803 398
3804 398
3805 398
3806 398
3807 398
3808 398
3809 398
3810 398
3811 398
3812 398
3813 398
3814 398
3815 398
3816 398
3817 398
3818 398
3819 398
3820 398
3821 398
3822 398
3823 398
3824 398
3825 398
3826 398
3827 398
3828 398
3829 398
3830 398
3831 398
3832 398
3833 398
3834 398
3835 398
3836 398
3837 398
3838 398
3839 398
3840 398
3841 398
3842 398
3843 398
3844 398
3845 398
3846 398
3847 398
3848 398
3849 398
3850 398
3851 398
3852 398
3853 398
3854 398
3855 398
3856 398
3857 398
3858 398
3859 398
3860 398
3861 398
3862 398
3863 398
3864 398
3865 398
3866 398
3867 398
3868 398
3869 398
3870 398
3871 398
3872 398
3873 398
3874 398
3875 398
3876 398
3877 398
3878 398
3879 398
3880 398
3881 398
3882 398
3883 398
3884 398
3885 398
3886 398
3887 398
3888 398
3889 398
3890 398
3891 398
3892 398
3893 398
3894 398
3895 398
3896 398
3897 398
3898 398
3899 398
3900 398
3901 398
3902 398
3903 398
3904 398
3905 398
3906 398
3907 398
3908 398
3909 398
3910 398
3911 398
3912 398
3913 398
3914 398
3915 398
3916 398
3917 398
3918 398
3919 398
3920 398
3921 398
3922 398
3923 398
3924 398
3925 398
3926 398
3927 398
3928 398
3929 398
3930 398
3931 398
3932 398
3933 398
3934 398
3935 398
3936 398
3937 398
3938 398
3939 398
3940 398
3941 398
3942 398
3943 398
3944 398
3945 398
3946 398
3947 398
3948 398
3949 398
3950 398
3951 398
3952 398
3953 398
3954 398
3955 398
3956 398
3957 398
3958 398
3959 398
3960 399
3961 399
3962 399
3963 399
3964 399
3965 399
3966 399
3967 399
3968 399
3969 399
3970 399
3971 399
3972 399
3973 399
3974 399
3975 399
3976 399
3977 399
3978 399
3979 399
3980 399
3981 399
3982 399
3983 399
3984 399
3985 399
3986 399
3987 399
3988 399
3989 399
3990 399
3991 399
3992 399
3993 399
3994 399
3995 399
3996 399
3997 399
3998 399
3999 399
4000 399
4001 399
4002 399
4003 399
4004 399
4005 399
4006 399
4007 399
4008 399
4009 399
4010 399
4011 399
4012 399
4013 399
4014 399
4015 399
4016 399
4017 399
4018 399
4019 399
4020 399
4021 399
4022 399
4023 399
4024 399
4025 399
4026 399
4027 399
4028 399
4029 399
4030 399
4031 399
4032 399
4033 399
4034 399
4035 399
4036 399
4037 399
4038 399
4039 399
4040 399
4041 399
4042 399
4043 399
4044 399
4045 399
4046 399
4047 399
4048 399
4049 399
4050 399
4051 399
4052 399
4053 399
4054 399
4055 399
4056 399
4057 399
4058 399
4059 399
4060 399
4061 399
4062 399
4063 399
4064 399
4065 399
4066 399
4067 399
4068 399
4069 399
4070 399
4071 399
4072 399
4073 399
4074 399
4075 399
4076 399
4077 399
4078 399
4079 399
4080 399
4081 399
4082 399
4083 399
4084 399
4085 399
4086 399
4087 399
4088 399
4089 399
4090 399
4091 399
4092 399
4093 399
4094 399
4095 399
4096 399
4097 399
4098 399
4099 399
4100 399
4101 399
4102 399
4103 399
4104 399
4105 399
4106 399
4107 399
4108 399
4109 399
4110 399
4111 399
4112 399
4113 399
4114 399
4115 399
4116 399
4117 399
4118 399
4119 399
4120 399
4121 399
4122 399
4123 399
4124 399
4125 399
4126 399
4127 399
4128 399
4129 399
4130 399
4131 399
4132 399
4133 399
4134 399
4135 399
4136 399
4137 399
4138 399
4139 399
4140 399
4141 399
4142 399
4143 399
4144 399
4145 399
4146 399
4147 399
4148 399
4149 399
4150 399
4151 399
4152 399
4153 399
4154 399
4155 399
4156 399
4157 399
4158 399
4159 399
4160 399
4161 399
4162 399
4163 399
4164 399
4165 399
4166 399
4167 399
4168 399
4169 399
4170 399
4171 399
4172 399
4173 399
4174 399
4175 399
4176 399
4177 399
4178 399
4179 399
4180 399
4181 399
4182 399
4183 399
4184 399
4185 399
4186 399
4187 399
4188 399
4189 399
4190 399
4191 399
4192 399
4193 399
4194 399
4195 399
4196 399
4197 399
4198 399
4199 399
4200 399
4201 399
4202 399
4203 399
4204 399
4205 399
4206 399
4207 399
4208 399
4209 399
4210 399
4211 399
4212 399
4213 399
4214 399
4215 399
4216 399
4217 399
4218 399
4219 399
4220 399
4221 399
4222 399
4223 399
4224 399
4225 399
4226 399
4227 399
4228 399
4229 399
4230 399
4231 399
4232 399
4233 399
4234 399
4235 399
4236 399
4237 399
4238 399
4239 399
4240 399
4241 399
4242 399
4243 399
4244 399
4245 399
4246 399
4247 399
4248 399
4249 399
4250 399
4251 399
4252 399
4253 399
4254 399
4255 399
4256 399
4257 399
4258 399
4259 399
4260 399
4261 399
4262 399
4263 399
4264 399
4265 399
4266 399
4267 399
4268 399
4269 399
4270 399
4271 399
4272 399
4273 399
4274 399
4275 399
4276 399
4277 399
4278 399
4279 399
4280 399
4281 399
4282 399
4283 399
4284 399
4285 399
4286 399
4287 399
4288 399
4289 399
4290 399
4291 399
4292 399
4293 399
4294 399
4295 399
4296 399
4297 399
4298 399
4299 399
4300 399
4301 399
4302 399
4303 399
4304 399
4305 399
4306 399
4307 399
4308 399
4309 399
4310 399
4311 399
4312 399
4313 399
4314 399
4315 399
4316 399
4317 399
4318 399
4319 399
4320 399
4321 399
4322 399
4323 399
4324 399
4325 399
4326 399
4327 399
4328 399
4329 399
4330 399
4331 399
4332 399
4333 399
4334 399
4335 399
4336 399
4337 399
4338 399
4339 399
4340 399
4341 399
4342 399
4343 399
4344 399
4345 399
4346 399
4347 399
4348 399
4349 399
4350 399
4351 399
4352 399
4353 399
4354 399
4355 399
4356 399
4357 399
4358 399
4359 399
4360 399
4361 399
4362 399
4363 399
4364 399
4365 399
4366 399
4367 399
4368 399
4369 399
4370 399
4371 399
4372 399
4373 399
4374 399
4375 399
4376 399
4377 399
4378 399
4379 399
4380 399
4381 399
4382 399
4383 399
4384 399
4385 399
4386 399
4387 399
4388 399
4389 399
4390 399
4391 399
4392 399
4393 399
4394 399
4395 399
4396 399
4397 399
4398 399
4399 399
4400 399
4401 399
4402 399
4403 399
4404 399
4405 399
4406 399
4407 399
4408 399
4409 399
4410 399
4411 399
4412 399
4413 399
4414 399
4415 399
4416 399
4417 399
4418 399
4419 399
4420 399
4421 399
4422 399
4423 399
4424 399
4425 399
4426 399
4427 399
4428 399
4429 399
4430 399
4431 399
4432 399
4433 399
4434 399
4435 399
4436 399
4437 399
4438 399
4439 399
4440 399
4441 399
4442 399
4443 399
4444 399
4445 399
4446 399
4447 399
4448 399
4449 399
4450 399
4451 399
4452 399
4453 399
4454 399
4455 399
4456 399
4457 399
4458 399
4459 399
4460 399
4461 399
4462 399
4463 399
4464 399
4465 399
4466 399
4467 399
4468 399
4469 399
4470 399
4471 399
4472 399
4473 399
4474 399
4475 399
4476 399
4477 399
4478 399
4479 399
4480 399
4481 399
4482 399
4483 399
4484 399
4485 399
4486 399
4487 399
4488 399
4489 399
4490 399
4491 399
4492 399
4493 399
4494 399
4495 399
4496 399
4497 399
4498 399
4499 399
4500 399
4501 399
4502 399
4503 399
4504 399
4505 399
4506 399
4507 399
4508 399
4509 399
4510 399
4511 399
4512 399
4513 399
4514 399
4515 399
4516 399
4517 399
4518 399
4519 399
4520 399
4521 399
4522 399
4523 399
4524 399
4525 399
4526 399
4527 399
4528 399
4529 399
4530 399
4531 399
4532 399
4533 399
4534 399
4535 399
4536 399
4537 399
4538 399
4539 399
4540 399
4541 399
4542 399
4543 399
4544 399
4545 399
4546 399
4547 399
4548 399
4549 399
4550 399
4551 399
4552 399
4553 399
4554 399
4555 399
4556 399
4557 399
4558 399
4559 399
4560 399
4561 399
4562 399
4563 399
4564 399
4565 399
4566 399
4567 399
4568 399
4569 399
4570 399
4571 399
4572 399
4573 399
4574 399
4575 399
4576 399
4577 399
4578 399
4579 399
4580 399
4581 399
4582 399
4583 399
4584 399
4585 399
4586 399
4587 399
4588 399
4589 399
4590 399
4591 399
4592 399
4593 399
4594 399
4595 399
4596 399
4597 399
4598 399
4599 399
4600 399
4601 399
4602 399
4603 399
4604 399
4605 399
4606 399
4607 399
4608 399
4609 399
4610 399
4611 399
4612 399
4613 399
4614 399
4615 399
4616 399
4617 399
4618 399
4619 399
4620 399
4621 399
4622 399
4623 399
4624 399
4625 399
4626 399
4627 399
4628 399
4629 399
4630 399
4631 399
4632 399
4633 399
4634 399
4635 399
4636 399
4637 399
4638 399
4639 399
4640 399
4641 399
4642 399
4643 399
4644 399
4645 399
4646 399
4647 399
4648 399
4649 399
4650 399
4651 399
4652 399
4653 399
4654 399
4655 399
4656 399
4657 399
4658 399
4659 399
4660 399
4661 399
4662 399
4663 399
4664 399
4665 399
4666 399
4667 399
4668 399
4669 399
4670 399
4671 399
4672 399
4673 399
4674 399
4675 399
4676 399
4677 399
4678 399
4679 399
4680 399
4681 399
4682 399
4683 399
4684 399
4685 399
4686 399
4687 399
4688 399
4689 399
4690 399
4691 399
4692 399
4693 399
4694 399
4695 399
4696 399
4697 399
4698 399
4699 399
4700 399
4701 399
4702 399
4703 399
4704 399
4705 399
4706 399
4707 399
4708 399
4709 399
4710 399
4711 399
4712 399
4713 399
4714 399
4715 399
4716 399
4717 399
4718 399
4719 399
4720 399
4721 399
4722 399
4723 399
4724 399
4725 399
4726 399
4727 399
4728 399
4729 399
4730 399
4731 399
4732 399
4733 399
4734 399
4735 399
4736 399
4737 399
4738 399
4739 399
4740 399
4741 399
4742 399
4743 399
4744 399
4745 399
4746 399
4747 399
4748 399
4749 399
4750 399
4751 399
4752 399
4753 399
4754 399
4755 399
4756 399
4757 399
4758 399
4759 399
4760 399
4761 399
4762 399
4763 399
4764 399
4765 399
4766 399
4767 399
4768 399
4769 399
4770 399
4771 399
4772 399
4773 399
4774 399
4775 399
4776 399
4777 399
4778 399
4779 399
4780 399
4781 399
4782 399
4783 399
4784 399
4785 399
4786 399
4787 399
4788 399
4789 399
4790 399
4791 399
4792 399
4793 399
4794 399
4795 399
4796 399
4797 399
4798 399
4799 399
4800 399
4801 399
4802 399
4803 399
4804 399
4805 399
4806 399
4807 399
4808 399
4809 399
4810 399
4811 399
4812 399
4813 399
4814 399
4815 399
4816 399
4817 399
4818 399
4819 399
4820 399
4821 399
4822 399
4823 399
4824 399
4825 399
4826 399
4827 399
4828 399
4829 399
4830 399
4831 399
4832 399
4833 399
4834 399
4835 399
4836 399
4837 399
4838 399
4839 399
4840 399
4841 399
4842 399
4843 399
4844 399
4845 399
4846 399
4847 399
4848 399
4849 399
4850 399
4851 399
4852 399
4853 399
4854 399
4855 399
4856 399
4857 399
4858 399
4859 399
4860 399
4861 399
4862 399
4863 399
4864 399
4865 399
4866 399
4867 399
4868 399
4869 399
4870 399
4871 399
4872 399
4873 399
4874 399
4875 399
4876 399
4877 399
4878 399
4879 399
4880 399
4881 399
4882 399
4883 399
4884 399
4885 399
4886 399
4887 399
4888 399
4889 399
4890 399
4891 399
4892 399
4893 399
4894 399
4895 399
4896 399
4897 399
4898 399
4899 399
4900 399
4901 399
4902 399
4903 399
4904 399
4905 399
4906 399
4907 399
4908 399
4909 399
4910 399
4911 399
4912 399
4913 399
4914 399
4915 399
4916 399
4917 399
4918 399
4919 399
4920 399
4921 399
4922 399
4923 399
4924 399
4925 399
4926 399
4927 399
4928 399
4929 399
4930 399
4931 399
4932 399
4933 399
4934 399
4935 399
4936 399
4937 399
4938 399
4939 399
4940 399
4941 399
4942 399
4943 399
4944 399
4945 399
4946 399
4947 399
4948 399
4949 399
4950 399
4951 399
4952 400
