0 1
1 2
2 3
3 3
4 4
5 4
6 4
7 5
8 6
9 6
10 7
11 8
12 9
13 10
14 10
15 11
16 12
17 12
18 13
19 14
20 14
21 15
22 16
23 16
24 17
25 17
26 17
27 18
28 18
29 19
30 20
31 21
32 22
33 23
34 24
35 24
36 25
37 26
38 27
39 28
40 29
41 30
42 31
43 32
44 32
45 32
46 33
47 34
48 35
49 36
50 37
51 38
52 39
53 39
54 40
55 41
56 41
57 42
58 43
59 44
60 45
61 46
62 47
63 47
64 48
65 49
66 49
67 49
68 49
69 50
70 51
71 52
72 53
73 54
74 55
75 55
76 56
77 56
78 57
79 58
80 59
81 60
82 60
83 61
84 61
85 62
86 62
87 62
88 63
89 64
90 64
91 65
92 65
93 66
94 66
95 67
96 68
97 69
98 69
99 70
100 71
101 72
102 73
103 74
104 75
105 75
106 76
107 77
108 78
109 79
110 80
111 81
112 81
113 82
114 83
115 83
116 84
117 85
118 85
119 85
120 85
121 86
122 87
123 87
124 87
125 88
126 88
127 89
128 90
129 91
130 92
131 93
132 94
133 95
134 95
135 95
136 95
137 96
138 97
139 98
140 99
141 99
142 100
143 100
144 101
145 101
146 101
147 101
148 102
149 103
150 103
151 104
152 105
153 105
154 106
155 106
156 107
157 108
158 109
159 110
160 110
161 111
162 112
163 113
164 113
165 113
166 114
167 115
168 115
169 116
170 116
171 117
172 117
173 117
174 117
175 118
176 119
177 120
178 121
179 121
180 122
181 122
182 123
183 124
184 125
185 126
186 127
187 128
188 128
189 129
190 129
191 130
192 131
193 131
194 132
195 133
196 134
197 134
198 135
199 135
200 135
201 136
202 136
203 137
204 137
205 137
206 137
207 137
208 137
209 137
210 137
211 138
212 139
213 139
214 140
215 141
216 142
217 142
218 142
219 143
220 143
221 144
222 145
223 146
224 147
225 148
226 148
227 149
228 150
229 150
230 151
231 152
232 153
233 153
234 154
235 155
236 155
237 156
238 156
239 157
240 158
241 159
242 160
243 161
244 161
245 161
246 162
247 163
248 164
249 164
250 164
251 165
252 165
253 165
254 165
255 165
256 165
257 166
258 166
259 167
260 167
261 167
262 167
263 167
264 168
265 168
266 168
267 169
268 170
269 170
270 170
271 170
272 171
273 172
274 172
275 172
276 172
277 172
278 172
279 172
280 173
281 173
282 173
283 173
284 173
285 174
286 174
287 175
288 176
289 176
290 177
291 177
292 178
293 178
294 179
295 180
296 180
297 181
298 182
299 182
300 183
301 183
302 184
303 185
304 186
305 186
306 187
307 188
308 189
309 189
310 189
311 190
312 190
313 190
314 191
315 191
316 191
317 191
318 191
319 191
320 191
321 192
322 192
323 192
324 192
325 193
326 193
327 193
328 194
329 194
330 194
331 195
332 195
333 195
334 196
335 196
336 197
337 197
338 197
339 198
340 198
341 199
342 199
343 200
344 200
345 201
346 201
347 202
348 202
349 202
350 202
351 203
352 204
353 205
354 205
355 205
356 205
357 206
358 206
359 206
360 206
361 206
362 207
363 208
364 209
365 210
366 210
367 210
368 210
369 210
370 211
371 212
372 213
373 213
374 214
375 214
376 214
377 215
378 216
379 216
380 217
381 218
382 218
383 219
384 219
385 219
386 219
387 219
388 219
389 219
390 219
391 219
392 219
393 219
394 219
395 220
396 220
397 220
398 220
399 221
400 221
401 221
402 222
403 222
404 222
405 222
406 222
407 222
408 222
409 222
410 222
411 223
412 223
413 224
414 224
415 224
416 225
417 226
418 227
419 228
420 229
421 229
422 230
423 231
424 232
425 232
426 232
427 232
428 232
429 232
430 232
431 232
432 232
433 232
434 232
435 233
436 233
437 234
438 234
439 234
440 234
441 234
442 234
443 234
444 234
445 234
446 234
447 234
448 235
449 235
450 235
451 235
452 235
453 235
454 236
455 236
456 236
457 236
458 236
459 236
460 236
461 236
462 237
463 237
464 238
465 238
466 238
467 239
468 239
469 239
470 240
471 240
472 241
473 241
474 241
475 242
476 242
477 242
478 242
479 242
480 243
481 244
482 244
483 244
484 244
485 244
486 244
487 244
488 245
489 245
490 246
491 247
492 247
493 248
494 249
495 250
496 250
497 250
498 250
499 250
500 251
501 251
502 252
503 252
504 253
505 253
506 253
507 253
508 253
509 253
510 254
511 254
512 255
513 255
514 255
515 255
516 255
517 256
518 257
519 258
520 259
521 259
522 259
523 259
524 259
525 259
526 260
527 260
528 260
529 261
530 261
531 261
532 262
533 263
534 263
535 264
536 264
537 265
538 265
539 265
540 265
541 265
542 265
543 265
544 265
545 265
546 265
547 265
548 265
549 266
550 266
551 266
552 267
553 268
554 268
555 269
556 269
557 269
558 270
559 270
560 271
561 272
562 272
563 272
564 272
565 272
566 272
567 273
568 273
569 273
570 273
571 273
572 273
573 273
574 273
575 273
576 274
577 275
578 275
579 275
580 275
581 276
582 277
583 277
584 278
585 278
586 279
587 280
588 280
589 280
590 280
591 281
592 281
593 281
594 281
595 281
596 281
597 282
598 283
599 283
600 284
601 284
602 284
603 284
604 284
605 284
606 284
607 285
608 285
609 286
610 286
611 286
612 287
613 287
614 287
615 288
616 288
617 288
618 288
619 288
620 289
621 290
622 290
623 290
624 290
625 290
626 290
627 290
628 290
629 290
630 290
631 290
632 290
633 290
634 290
635 290
636 291
637 291
638 291
639 291
640 291
641 292
642 292
643 292
644 292
645 292
646 292
647 293
648 293
649 293
650 293
651 293
652 293
653 294
654 295
655 295
656 296
657 297
658 297
659 297
660 297
661 298
662 298
663 298
664 298
665 298
666 298
667 299
668 299
669 300
670 300
671 301
672 302
673 303
674 303
675 303
676 303
677 303
678 304
679 304
680 305
681 305
682 305
683 305
684 305
685 305
686 305
687 305
688 306
689 306
690 306
691 306
692 306
693 307
694 308
695 308
696 309
697 310
698 311
699 311
700 311
701 311
702 311
703 311
704 311
705 312
706 312
707 312
708 313
709 313
710 313
711 314
712 314
713 314
714 314
715 314
716 314
717 315
718 315
719 315
720 315
721 315
722 315
723 316
724 316
725 316
726 316
727 316
728 316
729 316
730 316
731 316
732 316
733 316
734 316
735 316
736 316
737 316
738 316
739 316
740 316
741 316
742 316
743 316
744 316
745 317
746 318
747 318
748 318
749 319
750 320
751 320
752 320
753 320
754 320
755 320
756 320
757 320
758 320
759 320
760 320
761 320
762 320
763 320
764 320
765 320
766 320
767 320
768 320
769 320
770 320
771 321
772 321
773 321
774 321
775 321
776 321
777 321
778 321
779 321
780 321
781 322
782 322
783 322
784 322
785 322
786 322
787 322
788 323
789 323
790 324
791 324
792 324
793 324
794 324
795 325
796 325
797 325
798 325
799 326
800 326
801 327
802 327
803 327
804 327
805 327
806 327
807 327
808 327
809 327
810 327
811 327
812 327
813 327
814 327
815 327
816 327
817 327
818 327
819 328
820 328
821 329
822 329
823 329
824 329
825 329
826 329
827 329
828 330
829 330
830 330
831 330
832 330
833 330
834 330
835 330
836 330
837 330
838 330
839 331
840 332
841 332
842 332
843 332
844 332
845 332
846 332
847 332
848 332
849 332
850 332
851 332
852 332
853 332
854 333
855 333
856 333
857 333
858 333
859 333
860 333
861 333
862 333
863 333
864 334
865 334
866 335
867 335
868 336
869 336
870 336
871 336
872 336
873 336
874 336
875 336
876 337
877 337
878 337
879 337
880 338
881 338
882 338
883 339
884 339
885 339
886 339
887 339
888 339
889 340
890 340
891 340
892 340
893 340
894 340
895 340
896 341
897 341
898 342
899 342
900 342
901 342
902 342
903 342
904 342
905 343
906 344
907 344
908 344
909 344
910 344
911 344
912 344
913 344
914 344
915 344
916 345
917 345
918 345
919 345
920 345
921 345
922 345
923 345
924 345
925 345
926 345
927 345
928 345
929 345
930 345
931 346
932 346
933 346
934 347
935 347
936 347
937 347
938 347
939 347
940 347
941 347
942 347
943 347
944 347
945 348
946 348
947 348
948 348
949 348
950 348
951 348
952 348
953 348
954 349
955 349
956 349
957 350
958 350
959 350
960 351
961 352
962 352
963 352
964 352
965 352
966 352
967 353
968 353
969 353
970 353
971 353
972 353
973 353
974 353
975 353
976 353
977 353
978 353
979 353
980 353
981 353
982 354
983 354
984 354
985 354
986 355
987 355
988 355
989 355
990 356
991 356
992 356
993 356
994 356
995 356
996 356
997 356
998 356
999 356
1000 356
1001 356
1002 356
1003 356
1004 356
1005 356
1006 356
1007 356
1008 356
1009 356
1010 357
1011 357
1012 357
1013 358
1014 358
1015 358
1016 358
1017 358
1018 358
1019 358
1020 358
1021 358
1022 359
1023 359
1024 359
1025 359
1026 359
1027 359
1028 359
1029 359
1030 359
1031 359
1032 360
1033 361
1034 361
1035 361
1036 361
1037 361
1038 361
1039 361
1040 361
1041 361
1042 361
1043 361
1044 361
1045 361
1046 361
1047 361
1048 361
1049 361
1050 361
1051 361
1052 361
1053 362
1054 362
1055 362
1056 363
1057 363
1058 363
1059 363
1060 363
1061 363
1062 363
1063 363
1064 363
1065 363
1066 363
1067 363
1068 363
1069 364
1070 364
1071 364
1072 364
1073 364
1074 364
1075 364
1076 364
1077 364
1078 364
1079 364
1080 364
1081 364
1082 364
1083 364
1084 364
1085 364
1086 364
1087 364
1088 364
1089 364
1090 364
1091 364
1092 364
1093 364
1094 364
1095 364
1096 364
1097 364
1098 364
1099 364
1100 364
1101 364
1102 364
1103 364
1104 364
1105 364
1106 364
1107 364
1108 364
1109 364
1110 364
1111 364
1112 364
1113 364
1114 364
1115 364
1116 364
1117 364
1118 364
1119 364
1120 364
1121 364
1122 364
1123 364
1124 364
1125 364
1126 364
1127 364
1128 364
1129 364
1130 364
1131 364
1132 364
1133 364
1134 364
1135 364
1136 364
1137 364
1138 364
1139 364
1140 365
1141 365
1142 365
1143 365
1144 365
1145 365
1146 365
1147 365
1148 365
1149 365
1150 365
1151 365
1152 365
1153 365
1154 365
1155 365
1156 365
1157 366
1158 366
1159 366
1160 366
1161 367
1162 367
1163 367
1164 367
1165 367
1166 367
1167 367
1168 367
1169 367
1170 367
1171 367
1172 367
1173 367
1174 367
1175 367
1176 367
1177 367
1178 367
1179 367
1180 367
1181 367
1182 367
1183 367
1184 368
1185 368
1186 368
1187 368
1188 368
1189 368
1190 368
1191 368
1192 368
1193 368
1194 368
1195 368
1196 368
1197 368
1198 368
1199 368
1200 368
1201 368
1202 368
1203 368
1204 368
1205 368
1206 368
1207 368
1208 368
1209 368
1210 368
1211 368
1212 368
1213 368
1214 368
1215 368
1216 368
1217 368
1218 368
1219 368
1220 368
1221 368
1222 368
1223 368
1224 368
1225 368
1226 368
1227 368
1228 368
1229 369
1230 369
1231 370
1232 370
1233 370
1234 370
1235 370
1236 370
1237 370
1238 370
1239 370
1240 370
1241 370
1242 370
1243 370
1244 370
1245 370
1246 370
1247 370
1248 370
1249 370
1250 370
1251 370
1252 370
1253 370
1254 370
1255 370
1256 370
1257 370
1258 370
1259 370
1260 370
1261 370
1262 370
1263 370
1264 370
1265 370
1266 370
1267 370
1268 370
1269 370
1270 370
1271 370
1272 370
1273 371
1274 371
1275 371
1276 371
1277 371
1278 371
1279 371
1280 371
1281 371
1282 371
1283 371
1284 371
1285 371
1286 371
1287 371
1288 371
1289 371
1290 371
1291 371
1292 371
1293 371
1294 371
1295 371
1296 372
1297 372
1298 372
1299 372
1300 372
1301 373
1302 373
1303 373
1304 373
1305 373
1306 373
1307 373
1308 373
1309 373
1310 373
1311 373
1312 373
1313 374
1314 374
1315 374
1316 374
1317 374
1318 374
1319 374
1320 374
1321 374
1322 374
1323 374
1324 374
1325 374
1326 374
1327 374
1328 374
1329 374
1330 375
1331 375
1332 375
1333 375
1334 375
1335 375
1336 375
1337 375
1338 375
1339 375
1340 376
1341 376
1342 376
1343 376
1344 376
1345 376
1346 376
1347 376
1348 376
1349 376
1350 377
1351 377
1352 377
1353 378
1354 378
1355 378
1356 378
1357 378
1358 378
1359 378
1360 378
1361 378
1362 378
1363 378
1364 378
1365 378
1366 378
1367 379
1368 379
1369 379
1370 379
1371 379
1372 379
1373 379
1374 379
1375 379
1376 379
1377 379
1378 379
1379 379
1380 379
1381 379
1382 379
1383 379
1384 379
1385 379
1386 379
1387 379
1388 379
1389 379
1390 379
1391 379
1392 379
1393 379
1394 379
1395 379
1396 379
1397 379
1398 379
1399 379
1400 379
1401 379
1402 379
1403 379
1404 379
1405 379
1406 379
1407 379
1408 379
1409 379
1410 379
1411 379
1412 379
1413 379
1414 379
1415 379
1416 379
1417 379
1418 379
1419 379
1420 379
1421 379
1422 379
1423 379
1424 379
1425 379
1426 379
1427 379
1428 379
1429 379
1430 379
1431 379
1432 379
1433 379
1434 379
1435 379
1436 379
1437 379
1438 379
1439 379
1440 379
1441 379
1442 379
1443 379
1444 379
1445 379
1446 379
1447 379
1448 379
1449 379
1450 379
1451 379
1452 380
1453 380
1454 380
1455 380
1456 380
1457 380
1458 380
1459 380
1460 380
1461 380
1462 380
1463 380
1464 380
1465 380
1466 380
1467 380
1468 380
1469 380
1470 380
1471 380
1472 380
1473 380
1474 380
1475 380
1476 381
1477 381
1478 381
1479 381
1480 381
1481 381
1482 381
1483 381
1484 381
1485 381
1486 381
1487 381
1488 381
1489 381
1490 381
1491 381
1492 381
1493 381
1494 381
1495 381
1496 381
1497 381
1498 381
1499 381
1500 381
1501 381
1502 381
1503 381
1504 381
1505 381
1506 381
1507 381
1508 381
1509 381
1510 381
1511 382
1512 382
1513 382
1514 382
1515 382
1516 382
1517 382
1518 382
1519 382
1520 382
1521 382
1522 382
1523 382
1524 382
1525 382
1526 382
1527 382
1528 382
1529 382
1530 382
1531 382
1532 382
1533 382
1534 382
1535 382
1536 382
1537 382
1538 382
1539 382
1540 382
1541 382
1542 382
1543 382
1544 382
1545 382
1546 382
1547 382
1548 382
1549 382
1550 382
1551 382
1552 382
1553 382
1554 382
1555 382
1556 382
1557 382
1558 382
1559 382
1560 382
1561 382
1562 382
1563 382
1564 382
1565 382
1566 382
1567 382
1568 382
1569 382
1570 382
1571 382
1572 382
1573 382
1574 382
1575 382
1576 382
1577 382
1578 382
1579 382
1580 382
1581 383
1582 383
1583 384
1584 384
1585 384
1586 384
1587 384
1588 384
1589 384
1590 384
1591 384
1592 384
1593 384
1594 384
1595 384
1596 384
1597 384
1598 384
1599 384
1600 384
1601 384
1602 384
1603 384
1604 384
1605 384
1606 384
1607 384
1608 384
1609 384
1610 384
1611 384
1612 384
1613 384
1614 384
1615 384
1616 384
1617 384
1618 384
1619 384
1620 384
1621 384
1622 384
1623 384
1624 384
1625 384
1626 384
1627 384
1628 384
1629 384
1630 384
1631 384
1632 384
1633 384
1634 384
1635 384
1636 384
1637 384
1638 384
1639 384
1640 384
1641 384
1642 384
1643 384
1644 384
1645 384
1646 384
1647 384
1648 384
1649 384
1650 384
1651 384
1652 384
1653 384
1654 384
1655 384
1656 384
1657 384
1658 384
1659 384
1660 384
1661 385
1662 385
1663 385
1664 385
1665 385
1666 385
1667 385
1668 385
1669 385
1670 385
1671 385
1672 385
1673 385
1674 385
1675 385
1676 385
1677 385
1678 385
1679 385
1680 385
1681 385
1682 385
1683 385
1684 385
1685 385
1686 385
1687 385
1688 386
1689 386
1690 386
1691 386
1692 386
1693 386
1694 386
1695 386
1696 386
1697 386
1698 386
1699 386
1700 386
1701 386
1702 386
1703 386
1704 386
1705 386
1706 386
1707 386
1708 386
1709 386
1710 386
1711 386
1712 386
1713 386
1714 386
1715 386
1716 386
1717 386
1718 386
1719 386
1720 386
1721 386
1722 386
1723 386
1724 386
1725 386
1726 386
1727 386
1728 386
1729 386
1730 386
1731 386
1732 386
1733 386
1734 386
1735 386
1736 386
1737 386
1738 386
1739 386
1740 386
1741 386
1742 386
1743 386
1744 386
1745 386
1746 386
1747 386
1748 386
1749 386
1750 386
1751 386
1752 386
1753 386
1754 386
1755 386
1756 386
1757 386
1758 386
1759 386
1760 386
1761 386
1762 386
1763 386
1764 386
1765 386
1766 386
1767 386
1768 386
1769 386
1770 386
1771 386
1772 386
1773 386
1774 386
1775 386
1776 386
1777 386
1778 386
1779 386
1780 386
1781 386
1782 386
1783 386
1784 387
1785 387
1786 387
1787 387
1788 387
1789 387
1790 387
1791 387
1792 387
1793 387
1794 387
1795 387
1796 387
1797 387
1798 387
1799 387
1800 387
1801 387
1802 387
1803 387
1804 387
1805 387
1806 387
1807 387
1808 387
1809 387
1810 387
1811 387
1812 387
1813 387
1814 387
1815 387
1816 387
1817 387
1818 387
1819 387
1820 387
1821 387
1822 387
1823 387
1824 387
1825 387
1826 387
1827 387
1828 387
1829 387
1830 387
1831 387
1832 387
1833 387
1834 387
1835 387
1836 387
1837 387
1838 387
1839 387
1840 387
1841 387
1842 387
1843 387
1844 387
1845 387
1846 387
1847 387
1848 387
1849 387
1850 387
1851 387
1852 387
1853 387
1854 387
1855 387
1856 387
1857 387
1858 387
1859 387
1860 387
1861 387
1862 387
1863 387
1864 387
1865 387
1866 387
1867 387
1868 387
1869 387
1870 387
1871 387
1872 387
1873 387
1874 387
1875 387
1876 387
1877 387
1878 387
1879 387
1880 387
1881 387
1882 387
1883 387
1884 387
1885 387
1886 388
1887 388
1888 388
1889 388
1890 388
1891 388
1892 388
1893 388
1894 388
1895 388
1896 388
1897 388
1898 388
1899 388
1900 388
1901 388
1902 388
1903 388
1904 388
1905 388
1906 388
1907 388
1908 388
1909 388
1910 388
1911 388
1912 388
1913 388
1914 388
1915 388
1916 388
1917 388
1918 388
1919 388
1920 388
1921 388
1922 388
1923 388
1924 388
1925 388
1926 388
1927 388
1928 388
1929 388
1930 388
1931 388
1932 388
1933 388
1934 388
1935 388
1936 388
1937 388
1938 388
1939 388
1940 388
1941 388
1942 388
1943 388
1944 388
1945 388
1946 388
1947 388
1948 388
1949 389
1950 389
1951 389
1952 389
1953 389
1954 389
1955 389
1956 389
1957 389
1958 389
1959 389
1960 389
1961 389
1962 389
1963 389
1964 389
1965 389
1966 389
1967 389
1968 389
1969 389
1970 389
1971 389
1972 389
1973 389
1974 389
1975 389
1976 389
1977 389
1978 390
1979 390
1980 390
1981 390
1982 390
1983 390
1984 390
1985 390
1986 391
1987 391
1988 391
1989 391
1990 391
1991 391
1992 391
1993 391
1994 391
1995 391
1996 391
1997 391
1998 391
1999 391
2000 391
2001 391
2002 391
2003 391
2004 391
2005 391
2006 391
2007 391
2008 391
2009 391
2010 391
2011 392
2012 392
2013 392
2014 392
2015 392
2016 392
2017 392
2018 392
2019 392
2020 392
2021 392
2022 392
2023 392
2024 392
2025 392
2026 392
2027 392
2028 392
2029 392
2030 392
2031 392
2032 392
2033 392
2034 392
2035 392
2036 392
2037 392
2038 392
2039 392
2040 392
2041 392
2042 392
2043 392
2044 392
2045 392
2046 392
2047 392
2048 392
2049 392
2050 392
2051 392
2052 392
2053 392
2054 392
2055 392
2056 392
2057 392
2058 392
2059 392
2060 392
2061 392
2062 392
2063 392
2064 392
2065 392
2066 392
2067 392
2068 392
2069 392
2070 392
2071 392
2072 392
2073 392
2074 392
2075 392
2076 392
2077 392
2078 392
2079 392
2080 392
2081 392
2082 392
2083 392
2084 392
2085 392
2086 392
2087 392
2088 392
2089 392
2090 392
2091 392
2092 392
2093 392
2094 392
2095 392
2096 392
2097 392
2098 392
2099 392
2100 392
2101 392
2102 393
2103 393
2104 393
2105 393
2106 393
2107 393
2108 393
2109 393
2110 393
2111 393
2112 393
2113 393
2114 393
2115 393
2116 393
2117 393
2118 393
2119 393
2120 393
2121 393
2122 393
2123 393
2124 393
2125 393
2126 393
2127 393
2128 393
2129 393
2130 393
2131 393
2132 393
2133 393
2134 393
2135 393
2136 393
2137 393
2138 393
2139 393
2140 394
2141 394
2142 394
2143 394
2144 394
2145 394
2146 394
2147 394
2148 394
2149 394
2150 394
2151 394
2152 394
2153 394
2154 394
2155 394
2156 394
2157 394
2158 394
2159 394
2160 394
2161 394
2162 394
2163 394
2164 394
2165 394
2166 394
2167 394
2168 394
2169 394
2170 394
2171 394
2172 394
2173 394
2174 394
2175 394
2176 394
2177 394
2178 394
2179 394
2180 394
2181 394
2182 394
2183 394
2184 394
2185 394
2186 394
2187 394
2188 394
2189 394
2190 394
2191 394
2192 394
2193 394
2194 394
2195 394
2196 394
2197 394
2198 394
2199 394
2200 394
2201 394
2202 394
2203 394
2204 394
2205 394
2206 394
2207 394
2208 394
2209 394
2210 394
2211 394
2212 394
2213 394
2214 394
2215 394
2216 394
2217 394
2218 394
2219 394
2220 394
2221 394
2222 394
2223 394
2224 394
2225 394
2226 394
2227 394
2228 394
2229 394
2230 394
2231 394
2232 394
2233 394
2234 394
2235 394
2236 394
2237 394
2238 394
2239 394
2240 394
2241 394
2242 394
2243 394
2244 394
2245 394
2246 394
2247 394
2248 394
2249 394
2250 394
2251 394
2252 394
2253 394
2254 394
2255 394
2256 394
2257 394
2258 394
2259 394
2260 394
2261 394
2262 394
2263 394
2264 394
2265 394
2266 394
2267 394
2268 394
2269 394
2270 394
2271 394
2272 394
2273 394
2274 394
2275 394
2276 394
2277 394
2278 394
2279 394
2280 394
2281 394
2282 394
2283 394
2284 394
2285 394
2286 394
2287 394
2288 394
2289 394
2290 394
2291 394
2292 394
2293 394
2294 394
2295 394
2296 394
2297 394
2298 394
2299 394
2300 394
2301 394
2302 394
2303 394
2304 394
2305 394
2306 394
2307 394
2308 394
2309 394
2310 394
2311 394
2312 394
2313 394
2314 394
2315 394
2316 394
2317 394
2318 394
2319 394
2320 394
2321 394
2322 394
2323 394
2324 394
2325 394
2326 394
2327 394
2328 394
2329 394
2330 394
2331 394
2332 394
2333 394
2334 394
2335 394
2336 394
2337 394
2338 394
2339 394
2340 394
2341 394
2342 394
2343 394
2344 394
2345 394
2346 394
2347 394
2348 394
2349 394
2350 394
2351 394
2352 394
2353 394
2354 394
2355 395
2356 395
2357 395
2358 395
2359 395
2360 395
2361 395
2362 396
2363 396
2364 396
2365 396
2366 396
2367 396
2368 396
2369 396
2370 396
2371 396
2372 396
2373 396
2374 396
2375 396
2376 396
2377 396
2378 396
2379 396
2380 396
2381 396
2382 396
2383 396
2384 396
2385 396
2386 396
2387 396
2388 396
2389 396
2390 396
2391 396
2392 396
2393 396
2394 396
2395 396
2396 396
2397 396
2398 396
2399 396
2400 396
2401 396
2402 396
2403 396
2404 396
2405 396
2406 396
2407 396
2408 396
2409 396
2410 396
2411 396
2412 396
2413 396
2414 396
2415 396
2416 396
2417 396
2418 396
2419 396
2420 396
2421 396
2422 396
2423 396
2424 396
2425 396
2426 396
2427 396
2428 396
2429 396
2430 396
2431 396
2432 396
2433 396
2434 396
2435 396
2436 396
2437 396
2438 396
2439 396
2440 396
2441 396
2442 396
2443 396
2444 396
2445 396
2446 396
2447 396
2448 396
2449 396
2450 396
2451 396
2452 396
2453 396
2454 396
2455 396
2456 396
2457 396
2458 396
2459 397
2460 397
2461 397
2462 397
2463 397
2464 397
2465 397
2466 397
2467 397
2468 397
2469 397
2470 397
2471 397
2472 397
2473 397
2474 397
2475 397
2476 397
2477 397
2478 397
2479 397
2480 397
2481 397
2482 397
2483 398
2484 398
2485 398
2486 398
2487 398
2488 398
2489 398
2490 398
2491 398
2492 398
2493 398
2494 398
2495 398
2496 398
2497 398
2498 398
2499 398
2500 398
2501 398
2502 398
2503 398
2504 398
2505 398
2506 398
2507 398
2508 398
2509 398
2510 398
2511 398
2512 398
2513 398
2514 398
2515 398
2516 398
2517 398
2518 398
2519 398
2520 398
2521 398
2522 398
2523 398
2524 398
2525 398
2526 398
2527 398
2528 398
2529 398
2530 398
2531 398
2532 398
2533 398
2534 398
2535 398
2536 398
2537 398
2538 398
2539 398
2540 398
2541 398
2542 398
2543 398
2544 398
2545 398
2546 398
2547 398
2548 398
2549 398
2550 398
2551 398
2552 398
2553 398
2554 398
2555 398
2556 398
2557 398
2558 398
2559 398
2560 398
2561 398
2562 398
2563 398
2564 398
2565 398
2566 398
2567 398
2568 398
2569 398
2570 398
2571 398
2572 398
2573 399
2574 399
2575 399
2576 399
2577 399
2578 399
2579 399
2580 399
2581 399
2582 399
2583 399
2584 399
2585 399
2586 399
2587 399
2588 399
2589 399
2590 399
2591 399
2592 399
2593 399
2594 399
2595 399
2596 399
2597 399
2598 399
2599 399
2600 399
2601 399
2602 399
2603 399
2604 399
2605 399
2606 399
2607 399
2608 399
2609 399
2610 399
2611 399
2612 399
2613 399
2614 399
2615 399
2616 399
2617 399
2618 399
2619 399
2620 399
2621 399
2622 399
2623 399
2624 399
2625 399
2626 399
2627 399
2628 399
2629 399
2630 399
2631 399
2632 399
2633 399
2634 399
2635 399
2636 399
2637 399
2638 399
2639 399
2640 399
2641 399
2642 399
2643 399
2644 399
2645 399
2646 399
2647 399
2648 399
2649 399
2650 399
2651 399
2652 399
2653 399
2654 399
2655 399
2656 399
2657 399
2658 399
2659 399
2660 399
2661 399
2662 399
2663 399
2664 399
2665 399
2666 399
2667 399
2668 399
2669 399
2670 399
2671 399
2672 399
2673 399
2674 399
2675 399
2676 399
2677 399
2678 399
2679 399
2680 399
2681 399
2682 399
2683 399
2684 399
2685 399
2686 399
2687 399
2688 399
2689 399
2690 399
2691 399
2692 399
2693 399
2694 399
2695 399
2696 399
2697 399
2698 399
2699 399
2700 399
2701 399
2702 399
2703 399
2704 399
2705 399
2706 399
2707 399
2708 399
2709 399
2710 399
2711 399
2712 399
2713 399
2714 399
2715 399
2716 399
2717 399
2718 399
2719 399
2720 399
2721 399
2722 399
2723 399
2724 399
2725 399
2726 399
2727 399
2728 399
2729 399
2730 399
2731 399
2732 399
2733 399
2734 399
2735 399
2736 399
2737 399
2738 399
2739 399
2740 399
2741 399
2742 399
2743 399
2744 399
2745 399
2746 399
2747 399
2748 399
2749 399
2750 399
2751 399
2752 399
2753 399
2754 399
2755 399
2756 399
2757 399
2758 399
2759 399
2760 399
2761 399
2762 399
2763 399
2764 399
2765 399
2766 399
2767 399
2768 399
2769 399
2770 399
2771 399
2772 399
2773 399
2774 399
2775 399
2776 399
2777 399
2778 399
2779 399
2780 399
2781 399
2782 399
2783 399
2784 399
2785 399
2786 399
2787 399
2788 399
2789 399
2790 399
2791 399
2792 399
2793 399
2794 399
2795 399
2796 399
2797 399
2798 399
2799 399
2800 399
2801 399
2802 399
2803 399
2804 399
2805 399
2806 399
2807 399
2808 399
2809 399
2810 399
2811 399
2812 399
2813 399
2814 399
2815 399
2816 399
2817 399
2818 399
2819 399
2820 399
2821 399
2822 399
2823 399
2824 399
2825 399
2826 399
2827 399
2828 399
2829 399
2830 399
2831 399
2832 399
2833 399
2834 399
2835 399
2836 399
2837 399
2838 399
2839 399
2840 399
2841 399
2842 399
2843 399
2844 399
2845 399
2846 399
2847 399
2848 399
2849 399
2850 399
2851 399
2852 399
2853 399
2854 399
2855 399
2856 399
2857 399
2858 399
2859 399
2860 399
2861 399
2862 399
2863 399
2864 399
2865 399
2866 399
2867 399
2868 399
2869 399
2870 399
2871 399
2872 399
2873 399
2874 399
2875 399
2876 399
2877 399
2878 399
2879 399
2880 399
2881 399
2882 399
2883 399
2884 399
2885 399
2886 399
2887 399
2888 399
2889 399
2890 399
2891 399
2892 399
2893 399
2894 399
2895 399
2896 399
2897 399
2898 399
2899 399
2900 399
2901 399
2902 399
2903 399
2904 399
2905 399
2906 399
2907 399
2908 399
2909 399
2910 399
2911 399
2912 399
2913 399
2914 399
2915 399
2916 399
2917 399
2918 399
2919 399
2920 399
2921 399
2922 399
2923 399
2924 399
2925 399
2926 399
2927 399
2928 399
2929 399
2930 399
2931 399
2932 399
2933 399
2934 399
2935 399
2936 399
2937 399
2938 399
2939 399
2940 399
2941 399
2942 399
2943 399
2944 399
2945 399
2946 399
2947 399
2948 399
2949 400
