0 1
1 1
2 2
3 4
4 8
5 15
6 29
7 57
8 104
9 183
10 315
11 495
12 687
13 844
14 922
15 945
16 956
17 949
18 939
19 927
20 922
21 912
22 902
23 893
24 884
25 873
26 859
27 852
28 847
29 841
30 829
31 822
32 813
33 803
34 789
35 779
36 769
37 760
38 752
39 740
40 730
41 722
42 710
43 698
44 688
45 677
46 668
47 656
48 646
49 637
50 627
51 616
52 607
53 601
54 587
55 573
56 560
57 551
58 546
59 538
60 524
61 516
62 508
63 498
64 489
65 477
66 465
67 456
68 449
69 436
70 419
71 414
72 406
73 395
74 381
75 373
76 360
77 349
78 343
79 333
80 322
81 314
82 301
83 291
84 274
85 264
86 259
87 247
88 235
89 225
90 216
91 205
92 194
93 183
94 173
95 162
96 154
97 145
98 132
99 123
100 112
101 101
102 90
103 81
104 67
105 55
106 47
107 33
108 23
109 15
110 6
111 2
112 0
