0 0.0100
1 0.0100
2 0.0100
3 0.0200
4 0.0200
5 0.0200
6 0.0300
7 0.0300
8 0.0300
9 0.0400
10 0.0400
11 0.0400
12 0.0400
13 0.0400
14 0.0400
15 0.0400
16 0.0400
17 0.0400
18 0.0400
19 0.0400
20 0.0500
21 0.0500
22 0.0500
23 0.0500
24 0.0500
25 0.0500
26 0.0500
27 0.0500
28 0.0500
29 0.0500
30 0.0600
31 0.0600
32 0.0600
33 0.0600
34 0.0700
35 0.0800
36 0.0900
37 0.0900
38 0.0900
39 0.0900
40 0.0900
41 0.0900
42 0.0900
43 0.0900
44 0.1000
45 0.1100
46 0.1100
47 0.1100
48 0.1100
49 0.1100
50 0.1200
51 0.1200
52 0.1200
53 0.1200
54 0.1200
55 0.1300
56 0.1400
57 0.1400
58 0.1400
59 0.1400
60 0.1400
61 0.1400
62 0.1400
63 0.1400
64 0.1400
65 0.1400
66 0.1500
67 0.1600
68 0.1600
69 0.1600
70 0.1600
71 0.1700
72 0.1800
73 0.1800
74 0.1900
75 0.2000
76 0.2000
77 0.2000
78 0.2000
79 0.2000
80 0.2000
81 0.2000
82 0.2000
83 0.2100
84 0.2100
85 0.2200
86 0.2300
87 0.2300
88 0.2400
89 0.2400
90 0.2400
91 0.2400
92 0.2400
93 0.2400
94 0.2400
95 0.2400
96 0.2500
97 0.2600
98 0.2600
99 0.2600
100 0.2700
101 0.2700
102 0.2700
103 0.2700
104 0.2700
105 0.2800
106 0.2800
107 0.2800
108 0.2900
109 0.3000
110 0.3000
111 0.3000
112 0.3100
113 0.3200
114 0.3200
115 0.3200
116 0.3200
117 0.3200
118 0.3200
119 0.3300
120 0.3300
121 0.3300
122 0.3300
123 0.3300
124 0.3300
125 0.3400
126 0.3400
127 0.3400
128 0.3400
129 0.3400
130 0.3400
131 0.3400
132 0.3400
133 0.3400
134 0.3400
135 0.3400
136 0.3400
137 0.3500
138 0.3500
139 0.3500
140 0.3500
141 0.3500
142 0.3500
143 0.3600
144 0.3600
145 0.3600
146 0.3600
147 0.3600
148 0.3600
149 0.3600
150 0.3600
151 0.3600
152 0.3600
153 0.3600
154 0.3600
155 0.3600
156 0.3600
157 0.3600
158 0.3600
159 0.3600
160 0.3600
161 0.3600
162 0.3600
163 0.3600
164 0.3600
165 0.3700
166 0.3700
167 0.3800
168 0.3900
169 0.3900
170 0.3900
171 0.3900
172 0.3900
173 0.3900
174 0.3900
175 0.3900
176 0.3900
177 0.3900
178 0.3900
179 0.3900
180 0.3900
181 0.3900
182 0.3900
183 0.3900
184 0.3900
185 0.3900
186 0.3900
187 0.3900
188 0.3900
189 0.3900
190 0.4000
191 0.4100
192 0.4200
193 0.4300
194 0.4300
195 0.4300
196 0.4300
197 0.4300
198 0.4300
199 0.4400
200 0.4400
201 0.4400
202 0.4400
203 0.4400
204 0.4400
205 0.4400
206 0.4400
207 0.4500
208 0.4600
209 0.4600
210 0.4600
211 0.4600
212 0.4700
213 0.4700
214 0.4700
215 0.4800
216 0.4800
217 0.4800
218 0.4800
219 0.4800
220 0.4800
221 0.4900
222 0.4900
223 0.4900
224 0.4900
225 0.4900
226 0.4900
227 0.4900
228 0.4900
229 0.5000
230 0.5000
231 0.5100
232 0.5100
233 0.5100
234 0.5100
235 0.5200
236 0.5200
237 0.5200
238 0.5200
239 0.5200
240 0.5200
241 0.5200
242 0.5200
243 0.5200
244 0.5200
245 0.5200
246 0.5200
247 0.5200
248 0.5300
249 0.5400
250 0.5400
251 0.5400
252 0.5400
253 0.5400
254 0.5400
255 0.5400
256 0.5400
257 0.5400
258 0.5500
259 0.5600
260 0.5600
261 0.5600
262 0.5600
263 0.5600
264 0.5600
265 0.5700
266 0.5800
267 0.5800
268 0.5800
269 0.5800
270 0.5900
271 0.5900
272 0.5900
273 0.6000
274 0.6000
275 0.6000
276 0.6000
277 0.6100
278 0.6100
279 0.6100
280 0.6100
281 0.6100
282 0.6100
283 0.6100
284 0.6100
285 0.6100
286 0.6200
287 0.6200
288 0.6200
289 0.6200
290 0.6200
291 0.6200
292 0.6200
293 0.6200
294 0.6300
295 0.6300
296 0.6300
297 0.6300
298 0.6300
299 0.6300
300 0.6300
301 0.6300
302 0.6300
303 0.6300
304 0.6400
305 0.6400
306 0.6400
307 0.6400
308 0.6400
309 0.6400
310 0.6400
311 0.6400
312 0.6400
313 0.6400
314 0.6400
315 0.6400
316 0.6400
317 0.6400
318 0.6500
319 0.6500
320 0.6600
321 0.6600
322 0.6600
323 0.6600
324 0.6600
325 0.6700
326 0.6700
327 0.6700
328 0.6800
329 0.6800
330 0.6800
331 0.6800
332 0.6900
333 0.6900
334 0.6900
335 0.6900
336 0.6900
337 0.6900
338 0.6900
339 0.6900
340 0.6900
341 0.6900
342 0.6900
343 0.6900
344 0.6900
345 0.6900
346 0.6900
347 0.6900
348 0.6900
349 0.6900
350 0.6900
351 0.6900
352 0.6900
353 0.7000
354 0.7100
355 0.7100
356 0.7100
357 0.7100
358 0.7100
359 0.7100
360 0.7100
361 0.7100
362 0.7100
363 0.7100
364 0.7100
365 0.7200
366 0.7200
367 0.7200
368 0.7200
369 0.7200
370 0.7200
371 0.7200
372 0.7200
373 0.7200
374 0.7200
375 0.7200
376 0.7300
377 0.7300
378 0.7300
379 0.7300
380 0.7300
381 0.7300
382 0.7300
383 0.7300
384 0.7300
385 0.7300
386 0.7300
387 0.7300
388 0.7300
389 0.7300
390 0.7300
391 0.7300
392 0.7300
393 0.7300
394 0.7300
395 0.7300
396 0.7300
397 0.7300
398 0.7300
399 0.7300
400 0.7300
401 0.7300
402 0.7300
403 0.7400
404 0.7400
405 0.7400
406 0.7400
407 0.7400
408 0.7400
409 0.7400
410 0.7400
411 0.7500
412 0.7500
413 0.7500
414 0.7500
415 0.7500
416 0.7500
417 0.7500
418 0.7500
419 0.7500
420 0.7500
421 0.7500
422 0.7500
423 0.7500
424 0.7500
425 0.7500
426 0.7500
427 0.7500
428 0.7500
429 0.7500
430 0.7500
431 0.7500
432 0.7500
433 0.7500
434 0.7500
435 0.7500
436 0.7500
437 0.7500
438 0.7500
439 0.7500
440 0.7500
441 0.7500
442 0.7500
443 0.7500
444 0.7500
445 0.7500
446 0.7500
447 0.7500
448 0.7500
449 0.7500
450 0.7500
451 0.7500
452 0.7500
453 0.7500
454 0.7500
455 0.7500
456 0.7500
457 0.7500
458 0.7500
459 0.7500
460 0.7500
461 0.7500
462 0.7500
463 0.7600
464 0.7600
465 0.7600
466 0.7600
467 0.7600
468 0.7600
469 0.7600
470 0.7600
471 0.7600
472 0.7600
473 0.7600
474 0.7600
475 0.7600
476 0.7600
477 0.7600
478 0.7600
479 0.7600
480 0.7600
481 0.7600
482 0.7600
483 0.7600
484 0.7600
485 0.7600
486 0.7600
487 0.7600
488 0.7600
489 0.7600
490 0.7600
491 0.7600
492 0.7600
493 0.7600
494 0.7600
495 0.7600
496 0.7600
497 0.7600
498 0.7600
499 0.7600
500 0.7600
501 0.7600
502 0.7600
503 0.7600
504 0.7600
505 0.7600
506 0.7600
507 0.7600
508 0.7600
509 0.7600
510 0.7600
511 0.7600
512 0.7600
513 0.7600
514 0.7600
515 0.7600
516 0.7600
517 0.7600
518 0.7600
519 0.7600
520 0.7600
521 0.7600
522 0.7600
523 0.7600
524 0.7600
525 0.7600
526 0.7700
527 0.7800
528 0.7800
529 0.7800
530 0.7800
531 0.7800
532 0.7800
533 0.7800
534 0.7800
535 0.7800
536 0.7800
537 0.7800
538 0.7800
539 0.7800
540 0.7800
541 0.7800
542 0.7800
543 0.7800
544 0.7800
545 0.7800
546 0.7800
547 0.7800
548 0.7800
549 0.7800
550 0.7800
551 0.7800
552 0.7800
553 0.7800
554 0.7800
555 0.7800
556 0.7800
557 0.7800
558 0.7800
559 0.7800
560 0.7800
561 0.7800
562 0.7800
563 0.7800
564 0.7800
565 0.7800
566 0.7800
567 0.7800
568 0.7800
569 0.7800
570 0.7800
571 0.7800
572 0.7900
573 0.7900
574 0.8000
575 0.8000
576 0.8000
577 0.8000
578 0.8000
579 0.8000
580 0.8000
581 0.8000
582 0.8000
583 0.8000
584 0.8000
585 0.8000
586 0.8000
587 0.8000
588 0.8000
589 0.8000
590 0.8000
591 0.8000
592 0.8000
593 0.8000
594 0.8000
595 0.8000
596 0.8100
597 0.8100
598 0.8100
599 0.8100
600 0.8100
601 0.8100
602 0.8100
603 0.8100
604 0.8100
605 0.8100
606 0.8100
607 0.8100
608 0.8100
609 0.8100
610 0.8100
611 0.8100
612 0.8100
613 0.8100
614 0.8100
615 0.8100
616 0.8100
617 0.8100
618 0.8100
619 0.8100
620 0.8200
621 0.8200
622 0.8200
623 0.8200
624 0.8200
625 0.8200
626 0.8200
627 0.8200
628 0.8200
629 0.8200
630 0.8200
631 0.8200
632 0.8200
633 0.8200
634 0.8200
635 0.8200
636 0.8300
637 0.8300
638 0.8300
639 0.8400
640 0.8400
641 0.8400
642 0.8400
643 0.8400
644 0.8400
645 0.8400
646 0.8500
647 0.8500
648 0.8500
649 0.8500
650 0.8600
651 0.8600
652 0.8600
653 0.8600
654 0.8600
655 0.8600
656 0.8600
657 0.8600
658 0.8600
659 0.8600
660 0.8600
661 0.8600
662 0.8600
663 0.8600
664 0.8600
665 0.8600
666 0.8600
667 0.8600
668 0.8600
669 0.8600
670 0.8600
671 0.8600
672 0.8600
673 0.8600
674 0.8600
675 0.8600
676 0.8600
677 0.8700
678 0.8700
679 0.8700
680 0.8700
681 0.8700
682 0.8700
683 0.8700
684 0.8700
685 0.8700
686 0.8700
687 0.8700
688 0.8800
689 0.8800
690 0.8800
691 0.8800
692 0.8800
693 0.8800
694 0.8800
695 0.8800
696 0.8800
697 0.8800
698 0.8800
699 0.8800
700 0.8900
701 0.8900
702 0.8900
703 0.8900
704 0.8900
705 0.8900
706 0.8900
707 0.8900
708 0.8900
709 0.8900
710 0.8900
711 0.8900
712 0.8900
713 0.8900
714 0.8900
715 0.8900
716 0.8900
717 0.8900
718 0.8900
719 0.8900
720 0.8900
721 0.8900
722 0.8900
723 0.8900
724 0.8900
725 0.8900
726 0.8900
727 0.8900
728 0.8900
729 0.8900
730 0.8900
731 0.8900
732 0.8900
733 0.8900
734 0.8900
735 0.8900
736 0.8900
737 0.8900
738 0.9000
739 0.9000
740 0.9000
741 0.9000
742 0.9000
743 0.9000
744 0.9000
745 0.9000
746 0.9000
747 0.9000
748 0.9000
749 0.9000
750 0.9000
751 0.9000
752 0.9000
753 0.9000
754 0.9000
755 0.9000
756 0.9000
757 0.9000
758 0.9000
759 0.9000
760 0.9000
761 0.9000
762 0.9000
763 0.9000
764 0.9000
765 0.9000
766 0.9000
767 0.9000
768 0.9000
769 0.9000
770 0.9000
771 0.9000
772 0.9000
773 0.9000
774 0.9000
775 0.9000
776 0.9000
777 0.9000
778 0.9000
779 0.9000
780 0.9000
781 0.9000
782 0.9000
783 0.9000
784 0.9000
785 0.9000
786 0.9000
787 0.9000
788 0.9000
789 0.9000
790 0.9000
791 0.9000
792 0.9000
793 0.9000
794 0.9000
795 0.9000
796 0.9000
797 0.9000
798 0.9000
799 0.9000
800 0.9000
801 0.9000
802 0.9000
803 0.9000
804 0.9000
805 0.9000
806 0.9000
807 0.9000
808 0.9000
809 0.9000
810 0.9000
811 0.9000
812 0.9000
813 0.9000
814 0.9000
815 0.9000
816 0.9000
817 0.9000
818 0.9000
819 0.9000
820 0.9000
821 0.9000
822 0.9000
823 0.9000
824 0.9000
825 0.9000
826 0.9000
827 0.9000
828 0.9000
829 0.9000
830 0.9000
831 0.9000
832 0.9000
833 0.9000
834 0.9000
835 0.9000
836 0.9000
837 0.9000
838 0.9000
839 0.9000
840 0.9000
841 0.9000
842 0.9000
843 0.9000
844 0.9000
845 0.9000
846 0.9000
847 0.9000
848 0.9000
849 0.9000
850 0.9000
851 0.9000
852 0.9000
853 0.9000
854 0.9000
855 0.9000
856 0.9100
857 0.9100
858 0.9100
859 0.9100
860 0.9100
861 0.9100
862 0.9100
863 0.9100
864 0.9100
865 0.9200
866 0.9200
867 0.9200
868 0.9200
869 0.9200
870 0.9200
871 0.9200
872 0.9200
873 0.9200
874 0.9200
875 0.9200
876 0.9200
877 0.9200
878 0.9200
879 0.9200
880 0.9200
881 0.9200
882 0.9200
883 0.9200
884 0.9200
885 0.9200
886 0.9200
887 0.9200
888 0.9200
889 0.9200
890 0.9200
891 0.9200
892 0.9200
893 0.9200
894 0.9200
895 0.9200
896 0.9200
897 0.9200
898 0.9200
899 0.9200
900 0.9200
901 0.9200
902 0.9300
903 0.9300
904 0.9300
905 0.9300
906 0.9300
907 0.9300
908 0.9300
909 0.9300
910 0.9300
911 0.9300
912 0.9300
913 0.9300
914 0.9300
915 0.9300
916 0.9300
917 0.9300
918 0.9300
919 0.9300
920 0.9300
921 0.9300
922 0.9300
923 0.9300
924 0.9300
925 0.9300
926 0.9300
927 0.9300
928 0.9300
929 0.9400
930 0.9400
931 0.9400
932 0.9400
933 0.9500
934 0.9500
935 0.9500
936 0.9500
937 0.9500
938 0.9500
939 0.9500
940 0.9500
941 0.9500
942 0.9500
943 0.9500
944 0.9500
945 0.9500
946 0.9500
947 0.9500
948 0.9500
949 0.9500
950 0.9500
951 0.9500
952 0.9500
953 0.9500
954 0.9500
955 0.9500
956 0.9500
957 0.9500
958 0.9500
959 0.9500
960 0.9500
961 0.9500
962 0.9500
963 0.9500
964 0.9500
965 0.9500
966 0.9500
967 0.9500
968 0.9500
969 0.9500
970 0.9500
971 0.9500
972 0.9500
973 0.9500
974 0.9500
975 0.9500
976 0.9500
977 0.9500
978 0.9500
979 0.9500
980 0.9500
981 0.9500
982 0.9500
983 0.9500
984 0.9500
985 0.9500
986 0.9500
987 0.9500
988 0.9500
989 0.9500
990 0.9500
991 0.9500
992 0.9500
993 0.9500
994 0.9500
995 0.9500
996 0.9500
997 0.9500
998 0.9500
999 0.9500
1000 0.9500
1001 0.9500
1002 0.9500
1003 0.9500
1004 0.9500
1005 0.9500
1006 0.9500
1007 0.9500
1008 0.9500
1009 0.9500
1010 0.9600
1011 0.9600
1012 0.9600
1013 0.9600
1014 0.9600
1015 0.9600
1016 0.9600
1017 0.9600
1018 0.9600
1019 0.9600
1020 0.9600
1021 0.9600
1022 0.9600
1023 0.9600
1024 0.9600
1025 0.9600
1026 0.9600
1027 0.9600
1028 0.9600
1029 0.9600
1030 0.9600
1031 0.9600
1032 0.9600
1033 0.9600
1034 0.9600
1035 0.9600
1036 0.9600
1037 0.9600
1038 0.9600
1039 0.9600
1040 0.9600
1041 0.9600
1042 0.9600
1043 0.9600
1044 0.9600
1045 0.9600
1046 0.9600
1047 0.9600
1048 0.9600
1049 0.9600
1050 0.9600
1051 0.9600
1052 0.9600
1053 0.9600
1054 0.9600
1055 0.9600
1056 0.9600
1057 0.9600
1058 0.9600
1059 0.9600
1060 0.9600
1061 0.9600
1062 0.9600
1063 0.9600
1064 0.9600
1065 0.9600
1066 0.9600
1067 0.9600
1068 0.9600
1069 0.9600
1070 0.9600
1071 0.9600
1072 0.9600
1073 0.9600
1074 0.9600
1075 0.9600
1076 0.9600
1077 0.9600
1078 0.9600
1079 0.9600
1080 0.9600
1081 0.9600
1082 0.9600
1083 0.9600
1084 0.9600
1085 0.9600
1086 0.9600
1087 0.9600
1088 0.9600
1089 0.9600
1090 0.9600
1091 0.9600
1092 0.9600
1093 0.9600
1094 0.9600
1095 0.9600
1096 0.9600
1097 0.9600
1098 0.9600
1099 0.9600
1100 0.9600
1101 0.9600
1102 0.9600
1103 0.9600
1104 0.9600
1105 0.9600
1106 0.9600
1107 0.9600
1108 0.9600
1109 0.9600
1110 0.9600
1111 0.9600
1112 0.9600
1113 0.9600
1114 0.9600
1115 0.9600
1116 0.9600
1117 0.9600
1118 0.9600
1119 0.9600
1120 0.9600
1121 0.9600
1122 0.9600
1123 0.9600
1124 0.9600
1125 0.9600
1126 0.9600
1127 0.9600
1128 0.9600
1129 0.9600
1130 0.9600
1131 0.9600
1132 0.9600
1133 0.9600
1134 0.9600
1135 0.9600
1136 0.9600
1137 0.9600
1138 0.9600
1139 0.9600
1140 0.9600
1141 0.9600
1142 0.9600
1143 0.9600
1144 0.9700
1145 0.9700
1146 0.9700
1147 0.9700
1148 0.9700
1149 0.9700
1150 0.9700
1151 0.9700
1152 0.9700
1153 0.9700
1154 0.9700
1155 0.9700
1156 0.9700
1157 0.9700
1158 0.9700
1159 0.9700
1160 0.9700
1161 0.9700
1162 0.9700
1163 0.9700
1164 0.9700
1165 0.9700
1166 0.9700
1167 0.9700
1168 0.9700
1169 0.9700
1170 0.9700
1171 0.9700
1172 0.9700
1173 0.9700
1174 0.9700
1175 0.9700
1176 0.9700
1177 0.9700
1178 0.9700
1179 0.9700
1180 0.9700
1181 0.9700
1182 0.9700
1183 0.9700
1184 0.9700
1185 0.9700
1186 0.9700
1187 0.9800
1188 0.9800
1189 0.9800
1190 0.9800
1191 0.9800
1192 0.9800
1193 0.9800
1194 0.9800
1195 0.9800
1196 0.9800
1197 0.9800
1198 0.9800
1199 0.9800
1200 0.9800
1201 0.9800
1202 0.9800
1203 0.9800
1204 0.9800
1205 0.9800
1206 0.9800
1207 0.9800
1208 0.9800
1209 0.9800
1210 0.9800
1211 0.9800
1212 0.9800
1213 0.9800
1214 0.9800
1215 0.9800
1216 0.9800
1217 0.9800
1218 0.9900
1219 0.9900
1220 0.9900
1221 0.9900
1222 0.9900
1223 0.9900
1224 0.9900
1225 0.9900
1226 0.9900
1227 0.9900
1228 0.9900
1229 0.9900
1230 0.9900
1231 0.9900
1232 0.9900
1233 0.9900
1234 0.9900
1235 0.9900
1236 0.9900
1237 0.9900
1238 0.9900
1239 0.9900
1240 0.9900
1241 0.9900
1242 0.9900
1243 0.9900
1244 0.9900
1245 0.9900
1246 0.9900
1247 0.9900
1248 0.9900
1249 0.9900
1250 0.9900
1251 0.9900
1252 0.9900
1253 0.9900
1254 0.9900
1255 0.9900
1256 0.9900
1257 0.9900
1258 0.9900
1259 0.9900
1260 0.9900
1261 0.9900
1262 0.9900
1263 0.9900
1264 0.9900
1265 0.9900
1266 0.9900
1267 0.9900
1268 0.9900
1269 0.9900
1270 0.9900
1271 0.9900
1272 0.9900
1273 0.9900
1274 0.9900
1275 0.9900
1276 0.9900
1277 0.9900
1278 0.9900
1279 0.9900
1280 0.9900
1281 0.9900
1282 0.9900
1283 0.9900
1284 0.9900
1285 0.9900
1286 0.9900
1287 0.9900
1288 0.9900
1289 0.9900
1290 0.9900
1291 0.9900
1292 0.9900
1293 0.9900
1294 0.9900
1295 0.9900
1296 0.9900
1297 0.9900
1298 0.9900
1299 0.9900
1300 0.9900
1301 0.9900
1302 0.9900
1303 0.9900
1304 0.9900
1305 0.9900
1306 0.9900
1307 0.9900
1308 0.9900
1309 0.9900
1310 0.9900
1311 0.9900
1312 0.9900
1313 0.9900
1314 0.9900
1315 0.9900
1316 0.9900
1317 0.9900
1318 0.9900
1319 0.9900
1320 0.9900
1321 0.9900
1322 0.9900
1323 0.9900
1324 0.9900
1325 0.9900
1326 0.9900
1327 0.9900
1328 0.9900
1329 0.9900
1330 0.9900
1331 0.9900
1332 0.9900
1333 0.9900
1334 0.9900
1335 0.9900
1336 0.9900
1337 0.9900
1338 0.9900
1339 0.9900
1340 0.9900
1341 0.9900
1342 0.9900
1343 0.9900
1344 0.9900
1345 0.9900
1346 0.9900
1347 0.9900
1348 0.9900
1349 0.9900
1350 0.9900
1351 0.9900
1352 0.9900
1353 0.9900
1354 0.9900
1355 0.9900
1356 0.9900
1357 0.9900
1358 0.9900
1359 0.9900
1360 0.9900
1361 0.9900
1362 0.9900
1363 0.9900
1364 0.9900
1365 0.9900
1366 0.9900
1367 0.9900
1368 0.9900
1369 0.9900
1370 0.9900
1371 0.9900
1372 0.9900
1373 1.0000
