0 0.0400
1 0.0400
2 0.0400
3 0.0400
4 0.0400
5 0.0400
6 0.0800
7 0.0800
8 0.0800
9 0.1200
10 0.1200
11 0.1600
12 0.1600
13 0.1600
14 0.1600
15 0.1600
16 0.1600
17 0.1600
18 0.1600
19 0.1600
20 0.2000
21 0.2000
22 0.2000
23 0.2000
24 0.2000
25 0.2000
26 0.2400
27 0.2800
28 0.2800
29 0.2800
30 0.2800
31 0.2800
32 0.3200
33 0.3600
34 0.3600
35 0.3600
36 0.3600
37 0.3600
38 0.3600
39 0.3600
40 0.3600
41 0.3600
42 0.3600
43 0.4000
44 0.4000
45 0.4000
46 0.4000
47 0.4000
48 0.4400
49 0.4800
50 0.4800
51 0.4800
52 0.4800
53 0.4800
54 0.4800
55 0.4800
56 0.4800
57 0.4800
58 0.5200
59 0.5200
60 0.5200
61 0.5200
62 0.5200
63 0.5200
64 0.5600
65 0.6000
66 0.6000
67 0.6000
68 0.6400
69 0.6400
70 0.6400
71 0.6400
72 0.6400
73 0.6800
74 0.7200
75 0.7200
76 0.7200
77 0.7200
78 0.7200
79 0.7200
80 0.7200
81 0.7200
82 0.7200
83 0.7200
84 0.7200
85 0.7200
86 0.7200
87 0.7600
88 0.7600
89 0.7600
90 0.7600
91 0.7600
92 0.7600
93 0.7600
94 0.7600
95 0.8000
96 0.8000
97 0.8000
98 0.8000
99 0.8000
100 0.8400
101 0.8400
102 0.8400
103 0.8400
104 0.8400
105 0.8400
106 0.8400
107 0.8400
108 0.8400
109 0.8400
110 0.8800
111 0.8800
112 0.8800
113 0.8800
114 0.8800
115 0.8800
116 0.8800
117 0.8800
118 0.8800
119 0.8800
120 0.8800
121 0.8800
122 0.8800
123 0.8800
124 0.9200
125 0.9200
126 0.9200
127 0.9200
128 0.9200
129 0.9200
130 0.9200
131 0.9200
132 0.9200
133 0.9200
134 0.9200
135 0.9200
136 0.9600
137 0.9600
138 0.9600
139 0.9600
140 0.9600
141 0.9600
142 0.9600
143 0.9600
144 0.9600
145 0.9600
146 0.9600
147 0.9600
148 0.9600
149 0.9600
150 0.9600
151 0.9600
152 0.9600
153 0.9600
154 0.9600
155 0.9600
156 0.9600
157 0.9600
158 0.9600
159 0.9600
160 0.9600
161 0.9600
162 0.9600
163 0.9600
164 0.9600
165 0.9600
166 0.9600
167 0.9600
168 0.9600
169 0.9600
170 0.9600
171 0.9600
172 0.9600
173 0.9600
174 0.9600
175 0.9600
176 0.9600
177 0.9600
178 0.9600
179 0.9600
180 0.9600
181 1.0000
