0 0.0400
1 0.0800
2 0.1200
3 0.1600
4 0.1600
5 0.2000
6 0.2400
7 0.2800
8 0.3200
9 0.3600
10 0.3600
11 0.4000
12 0.4400
13 0.4800
14 0.5200
15 0.5200
16 0.5600
17 0.5600
18 0.6000
19 0.6400
20 0.6400
21 0.6400
22 0.6400
23 0.6800
24 0.6800
25 0.6800
26 0.6800
27 0.7200
28 0.7200
29 0.7600
30 0.7600
31 0.7600
32 0.7600
33 0.8000
34 0.8000
35 0.8000
36 0.8000
37 0.8000
38 0.8000
39 0.8000
40 0.8000
41 0.8000
42 0.8000
43 0.8000
44 0.8000
45 0.8000
46 0.8000
47 0.8400
48 0.8400
49 0.8400
50 0.8400
51 0.8800
52 0.8800
53 0.8800
54 0.8800
55 0.8800
56 0.8800
57 0.8800
58 0.8800
59 0.8800
60 0.8800
61 0.8800
62 0.8800
63 0.8800
64 0.8800
65 0.8800
66 0.8800
67 0.8800
68 0.9200
69 0.9200
70 0.9200
71 0.9200
72 0.9200
73 0.9600
74 0.9600
75 0.9600
76 0.9600
77 0.9600
78 0.9600
79 0.9600
80 0.9600
81 0.9600
82 0.9600
83 0.9600
84 0.9600
85 1.0000
